{"asset":{"generatetool":"cesiumlab@www.cesiumlab.com","gltfUpAxis":"Z","version":"1.0"},"root":{"boundingVolume":{"box":[261887.967220788,-116425.839549908,-14715.1134596136,174473.386018296,0,0,0,190089.096032382,0,0,0,184797.940385224]},"children":[{"boundingVolume":{"box":[290287.021452599,-48197.1972608203,-18079.309825534,28116.9216645578,0,0,0,47169.0902261585,0,0,0,47419.8476854218]},"children":[{"boundingVolume":{"box":[291396.377299776,-21511.2550832825,-14076.2174990792,13676.5143157833,0,0,0,20483.1480486207,0,0,0,20448.215580334]},"children":[{"boundingVolume":{"box":[-178.381895020255,811.296092384495,141.149196384475,6154.49534993886,0,0,0,17668.36007227,0,0,0,6029.83024083823]},"content":{"uri":"0/32.b3dm"},"geometricError":0,"refine":"REPLACE","transform":[0.997691803124438,0.0507635149679743,-0.045101347279251,0.0,-0.0505593427321078,0.998705037396327,0.00565695516138137,0.0,0.045330109649157,-0.00336360332038116,0.998966399500953,0.0,291396.377299776,-21511.255083282,-14076.2174990792,1.0]}],"geometricError":20587.3573285872,"refine":"REPLACE"},{"boundingVolume":{"box":[-178.804093727725,807.260317742126,153.125268618576,6991.72710833687,0,0,0,27587.47629741,0,0,0,7344.96533946786]},"content":{"uri":"0/33.b3dm"},"geometricError":0,"refine":"REPLACE","transform":[0.997749817497752,0.0501222362388415,-0.0445315968456244,0.0,-0.0496163954243224,0.998691451901448,0.0123934339097538,0.0,0.0450945117314816,-0.0101560491036582,0.998931098564012,0.0,289590.236810491,-64958.5950727318,-20593.6457449906,1.0]}],"geometricError":47430.4733084388,"refine":"REPLACE"},{"boundingVolume":{"box":[226419.965341196,-35554.1292065668,-25470.1502312059,37840.263372336,0,0,0,64703.2181563608,0,0,0,65028.0498380419]},"children":[{"boundingVolume":{"box":[218750.16418915,-21185.1186065422,-17639.1402839418,9318.83081787848,0,0,0,12430.1280098222,0,0,0,12308.982857157]},"children":[{"boundingVolume":{"box":[-186.644729246385,797.478334083455,138.002802977338,5443.88674945314,0,0,0,9640.11006437545,0,0,0,4819.66063203663]},"content":{"uri":"0/28.b3dm"},"geometricError":0,"refine":"REPLACE","transform":[0.998695673270972,0.0381695949157422,-0.0339121543669559,0.0,-0.0380347166080947,0.999265767213678,0.0046137628246648,0.0,0.0340633604094196,-0.00331790578957403,0.999414167889764,0.0,218750.164189151,-21185.1186065422,-17639.1402839413,1.0]}],"geometricError":12625.2253638797,"refine":"REPLACE"},{"boundingVolume":{"box":[-697.403240573943,2812.23985235183,-2952.73377062613,11758.2426749669,0,0,0,28185.5424708051,0,0,0,5501.55191766145]},"children":[{"boundingVolume":{"box":[-697.403240573943,2812.23985235183,-2952.73377062613,11758.2426749669,0,0,0,28185.5424708051,0,0,0,5501.55191766145]},"children":[{"boundingVolume":{"box":[-516.773880275432,4.65661287307739e-10,109.706408358645,5580.89408129686,0,0,0,8106.53399305185,0,0,0,1694.59761411278]},"content":{"uri":"0/26/0/0.b3dm"},"geometricError":0,"refine":"REPLACE","transform":[0.999999999032864,-3.28373554437378e-05,2.92571290728683e-05,0.0,3.29417254795367e-05,0.999993610887745,-0.00357450675374466,0.0,-2.91395647969775e-05,0.00357450771406798,0.999993611002334,0.0,-187.14695451525,22888.317977441,137.834716585465,1.0]},{"boundingVolume":{"box":[206.534237353597,2420.59381993953,-40.1523041827604,7417.61503423518,0,0,0,9854.70500568207,0,0,0,4882.97818586417]},"content":{"uri":"0/26/0/1.b3dm"},"geometricError":0,"refine":"REPLACE","transform":[0.999999251806083,-0.000913337856932817,0.000813757478527577,0.0,0.000911600510215401,0.999997310096845,0.00213278774917147,0.0,-0.000815703245390799,-0.0021320443317,0.999997394504197,0.0,-5235.69265922625,-13632.3761747153,-3512.39123440534,1.0]},{"boundingVolume":{"box":[181.08650963835,118.076497842558,217.004787288606,650.611902816571,0,0,0,989.720604538918,0,0,0,4882.99909518845]},"content":{"uri":"0/26/0/2.b3dm"},"geometricError":0,"refine":"REPLACE","transform":[0.999996482577211,-0.00198032449032765,0.00176441155009954,0.0,0.00197701249537659,0.999996284362475,0.00187688114587348,0.0,-0.00176812182788431,-0.00187338628040751,0.999996682079019,0.0,-11350.6371324309,-11982.1238553356,-2549.1238147188,1.0]},{"boundingVolume":{"box":[657.980730690993,941.100206958828,-1118.44538199669,3636.77537348564,0,0,0,11031.4393559115,0,0,0,1505.5695198779]},"content":{"uri":"0/26/0/3.b3dm"},"geometricError":0,"refine":"REPLACE","transform":[0.999998741945812,0.00118433343793034,-0.00105520666297848,0.0,-0.0011863885008899,0.999997396834488,-0.00194905273693258,0.0,0.00105289558777229,0.00195030216996961,0.999997543863147,0.0,6762.43193517253,12487.4171582251,461.381691198796,1.0]},{"boundingVolume":{"box":[470.035316032474,936.287993452046,-993.440326373093,3639.08800451958,0,0,0,8744.10288310098,0,0,0,1152.50586059783]},"content":{"uri":"0/26/0/4.b3dm"},"geometricError":0,"refine":"REPLACE","transform":[0.999999455452233,0.000779188233125006,-0.000694234063630617,0.0,-0.000777276965121569,0.999995919165572,0.00274908943491942,0.0,0.000696373288715878,-0.00274854832576282,0.999995980265093,0.0,4469.26766843325,-17573.455473742,-4210.49256754294,1.0]}],"content":{"uri":"0/26/0.b3dm"},"geometricError":8403.10541415021,"refine":"REPLACE","transform":[1.0,5.55111512312578e-17,0.0,0.0,1.8463891020122e-17,1.0,1.11022302462516e-16,0.0,2.07233372349135e-17,0.0,1.0,0.0,0.0,0.0,0.0,1.0]}],"content":{"uri":"0/26.b3dm"},"geometricError":33612.4216566008,"refine":"REPLACE","transform":[0.998545837262966,0.0403008847128441,-0.035805719880543,0.0,-0.0402506611538911,0.999187359040595,0.00212268936861532,0.0,0.0358621689455128,-0.000678398734550167,0.999356515270542,0.0,230313.260434889,-4284.66920100106,-17747.9001822313,1.0]},{"boundingVolume":{"box":[4515.71143054066,2322.13173219631,1208.60710148187,13131.8347084943,0,0,0,42104.8174519592,0,0,0,9434.03421593318]},"children":[{"boundingVolume":{"box":[4515.71143054066,2322.13173219631,1208.60710148187,13131.8347084943,0,0,0,42104.8174519592,0,0,0,9434.03421593318]},"children":[{"boundingVolume":{"box":[4851.43442555785,11.3934263030533,-10.3073752340861,8952.28165117151,0,0,0,42104.3977293901,0,0,0,6135.37150691776]},"children":[{"boundingVolume":{"box":[4851.43442555785,11.3934263030533,-10.3073752340861,8952.28165117151,0,0,0,42104.3977293901,0,0,0,6135.37150691776]},"children":[{"boundingVolume":{"box":[2048.6355874592,-6.98491930961609e-10,4.65661287307739e-10,6125.64308373723,0,0,0,42104.3961763217,0,0,0,6135.43100286694]},"content":{"uri":"0/27/0/0/0/0.b3dm"},"geometricError":0,"refine":"REPLACE","transform":[0.999999999984822,-4.08571535176483e-06,3.69625432322662e-06,0.0,4.08572192230535e-06,0.999999999990073,-1.77760054698162e-06,0.0,-3.69624706029355e-06,1.77761564867929e-06,0.999999999991589,0.0,-23.6906771799549,11.3934263037518,-10.3073752336204,1.0]},{"boundingVolume":{"box":[18.7678761453134,-67.361587068066,60.8555779387243,759.938472742797,0,0,0,2742.97417860152,0,0,0,1286.52620591642]},"content":{"uri":"0/27/0/0/0/1.b3dm"},"geometricError":0,"refine":"REPLACE","transform":[0.999999687267954,0.000586477731817747,-0.00053057314693794,0.0,-0.00058684444844879,0.999999588873191,-0.000691279279402046,0.0,0.000530167508901245,0.000691590427122413,0.999999620312474,0.0,3399.71344968025,4411.06436940329,3101.12838631682,1.0]},{"boundingVolume":{"box":[0.0,0.0,-9.31322574615479e-10,5058.72534407768,0,0,0,8111.05423732381,0,0,0,1503.6402856661]},"content":{"uri":"0/27/0/0/0/2.b3dm"},"geometricError":0,"refine":"REPLACE","transform":[0.999997926564516,0.00151011633678499,-0.00136616811446028,0.0,-0.00151094139356915,0.999998676668402,-0.000603090000887319,0.0,0.00136525557050395,0.000605152950373666,0.999998884932945,0.0,8754.14313302189,3859.65607099095,2664.04096748307,1.0]}],"content":{"uri":"0/27/0/0/0.b3dm"},"geometricError":705.600501400859,"refine":"REPLACE","transform":[1.0,0.0,0.0,0.0,1.8620629009695e-17,1.0,-1.11022302462516e-16,0.0,-3.4928533491082e-17,0.0,1.0,0.0,0.0,0.0,0.0,1.0]}],"content":{"uri":"0/27/0/0.b3dm"},"geometricError":2822.40200560344,"refine":"REPLACE","transform":[0.99999945553245,-0.000773587986534929,0.000700354503127831,0.0,0.000773840239354044,0.99999963579297,-0.000359979457968507,0.0,-0.000700075772269791,0.000360521224467725,0.999999689959132,0.0,-4487.06364137284,2310.723699247,-2091.97373333108,1.0]},{"boundingVolume":{"box":[-519.963280118303,2.3283064365387e-10,150.175740450155,5576.1474096817,0,0,0,8112.9483011018,0,0,0,1614.8514153338]},"content":{"uri":"0/27/0/1.b3dm"},"geometricError":0,"refine":"REPLACE","transform":[0.999999908842142,0.000316534331404272,-0.000286568881952887,0.0,-0.000315359061986894,0.999991578114191,0.00409197377200382,0.0,0.000287861718684481,-0.00409188302689462,0.999991586779071,0.0,1844.44642234454,-26125.5122290868,-4034.14446052257,1.0]},{"boundingVolume":{"box":[180.847068971489,119.267262403853,217.838751289062,1297.62922384497,0,0,0,9669.74651911762,0,0,0,6146.34037434775]},"content":{"uri":"0/27/0/2.b3dm"},"geometricError":0,"refine":"REPLACE","transform":[0.999999643284388,-0.000626159242390012,0.000566882439639871,0.0,0.000627404703445837,0.999997384211289,-0.00219953038555137,0.0,-0.000565503700515411,0.00219988526565351,0.999997420351864,0.0,-3628.19402125641,14057.0835205493,4295.85512458254,1.0]},{"boundingVolume":{"box":[180.552308073733,120.743424532469,218.87058489304,1657.43916513049,0,0,0,14568.5717786648,0,0,0,6795.15995105077]},"content":{"uri":"0/27/0/3.b3dm"},"geometricError":0,"refine":"REPLACE","transform":[0.999999053304554,-0.00102006727857795,0.00092350026691268,0.0,0.00101764839592581,0.999996060599187,0.00261594683610317,0.0,-0.000926165070645045,-0.00261500456103303,0.9999961519773,0.0,-5937.97499101167,-16714.6574863852,-98.2820846913382,1.0]},{"boundingVolume":{"box":[299.589486913407,-155.086718655191,669.260757657699,4721.36485808517,0,0,0,8034.56155350478,0,0,0,2376.48034418374]},"content":{"uri":"0/27/0/4.b3dm"},"geometricError":0,"refine":"REPLACE","transform":[0.99999567067743,0.00218138980011418,-0.0019748835247948,0.0,-0.00218511340636664,0.999995835469454,-0.00188529126367809,0.0,0.00197076274519923,0.00188959844610997,0.999996272749011,0.0,12640.1236399959,12075.3040399696,2263.22096553352,1.0]},{"boundingVolume":{"box":[299.697497774264,-293.373489937745,560.197986428626,4879.75724682899,0,0,0,10158.3476048228,0,0,0,2673.02656612359]},"content":{"uri":"0/27/0/5.b3dm"},"geometricError":0,"refine":"REPLACE","transform":[0.99999711007441,0.00178224248418385,-0.0016135224062292,0.0,-0.00177769588693201,0.999994458133446,0.00281487117445989,0.0,0.00161853024729789,-0.00281199468754662,0.999994736509006,0.0,10374.0628539883,-17962.7545339954,-1895.98897511233,1.0]}],"content":{"uri":"0/27/0.b3dm"},"geometricError":11289.6080224137,"refine":"REPLACE","transform":[1.0,0.0,5.55111512312578e-17,0.0,-1.86280426984815e-17,1.0,5.55111512312578e-17,0.0,-2.05759083147852e-17,0.0,1.0,0.0,0.0,0.0,0.0,1.0]}],"content":{"uri":"0/27.b3dm"},"geometricError":45158.432089655,"refine":"REPLACE","transform":[0.998664056821953,0.0386291286663002,-0.0343204316756397,0.0,-0.0383065175529321,0.999215912403692,0.0100085519544346,0.0,0.0346801430920741,-0.00868048487932177,0.99936076411743,0.0,222351.290427423,-55395.7717144773,-28195.0665145172,1.0]}],"geometricError":65040.0518963873,"refine":"REPLACE"},{"boundingVolume":{"box":[172697.491459763,-158422.712038572,-31081.2116653584,41699.1677849834,0,0,0,50734.398329535,0,0,0,49489.2440305809]},"children":[{"boundingVolume":{"box":[-1861.51152893004,419.250700345263,-2668.59588900115,27142.5099251346,0,0,0,33145.9510011091,0,0,0,12397.548927485]},"children":[{"boundingVolume":{"box":[-1861.51152893004,419.250700345263,-2668.59588900115,27142.5099251346,0,0,0,33145.9510011091,0,0,0,12397.548927485]},"children":[{"boundingVolume":{"box":[182.514701480046,-6.19727732124738,-105.274490264244,3777.55371858948,0,0,0,4323.34890444227,0,0,0,12403.4069382297]},"content":{"uri":"0/22/0/0.b3dm"},"geometricError":0,"refine":"REPLACE","transform":[0.999997443733988,-0.001651924783792,0.00154391385725666,0.0,0.00165780285276973,0.999991353430326,-0.00381375855114735,0.0,-0.00153760046542795,0.00381630830696283,0.999991535752036,0.0,-9849.8925783867,24379.3288638997,-2559.07861079276,1.0]},{"boundingVolume":{"box":[-742.155050947447,1121.45296882978,-1056.55851237522,12217.0306411375,0,0,0,12311.6591912881,0,0,0,5592.23729937663]},"content":{"uri":"0/22/0/1.b3dm"},"geometricError":0,"refine":"REPLACE","transform":[0.999995029654351,-0.00230345790330927,0.00215284655295439,0.0,0.00230753088536106,0.999995549056688,-0.00189134027257432,0.0,-0.00214848034805781,0.00189629863187168,0.999995894033417,0.0,-13770.2666485049,12113.2457798617,787.797713045031,1.0]},{"boundingVolume":{"box":[-21.6197321071522,6.31674140575342,-5.85957966325805,12678.4793417429,0,0,0,18030.7593376047,0,0,0,6442.28274282394]},"content":{"uri":"0/22/0/2.b3dm"},"geometricError":0,"refine":"REPLACE","transform":[0.999993122648752,-0.00270955131147499,0.00253238758675889,0.0,0.00270371124947827,0.999993684442384,0.0023067338000835,0.0,-0.00253862180691239,-0.00229987109105856,0.999994132978932,0.0,-16259.4432841802,-14672.1050893418,-3592.17353795189,1.0]},{"boundingVolume":{"box":[-566.177298783441,375.598292076495,-365.396604034118,2049.33878233971,0,0,0,17061.778243979,0,0,0,5106.5433457261]},"content":{"uri":"0/22/0/3.b3dm"},"geometricError":0,"refine":"REPLACE","transform":[0.999985056990384,0.00399397129427898,-0.00373282590540697,0.0,-0.00400335279819203,0.999988838577112,-0.00250916073068974,0.0,0.00372276272582739,0.00252406705531039,0.999989885010437,0.0,23868.2464519285,16122.6232915111,2856.67746167444,1.0]},{"boundingVolume":{"box":[-304.063210407272,-636.778243075591,470.648540480528,1963.39522057818,0,0,0,16200.8150032163,0,0,0,5446.10785326501]},"content":{"uri":"0/22/0/4.b3dm"},"geometricError":0,"refine":"REPLACE","transform":[0.999987860195569,0.00359991337773147,-0.00336453342387955,0.0,-0.00359258554019726,0.999991167203805,0.00218147736821817,0.0,0.00337235683520259,-0.00216936351138136,0.999991960503349,0.0,21608.4443408374,-13853.5853393762,-929.15837854892,1.0]}],"content":{"uri":"0/22/0.b3dm"},"geometricError":13017.0873300128,"refine":"REPLACE","transform":[1.0,0.0,0.0,0.0,0.0,1.0,0.0,0.0,0.0,5.55111512312578e-17,1.0,0.0,0.0,0.0,0.0,1.0]}],"content":{"uri":"0/22.b3dm"},"geometricError":52068.3493200513,"refine":"REPLACE","transform":[0.999220896881869,0.0295038628277321,-0.0262129989287073,0.0,-0.02883370084959,0.999256700737476,0.0255863972956291,0.0,0.0269484123820012,-0.0248106450842333,0.9993288822808,0.0,172697.491459763,-158422.712038573,-31081.2116653584,1.0]}],"geometricError":52068.3493200513,"refine":"REPLACE"},{"boundingVolume":{"box":[216733.264015386,-62562.6948020295,-23544.933647831,23019.5015854665,0,0,0,37701.7258861172,0,0,0,37815.678042639]},"children":[{"boundingVolume":{"box":[328.224051440833,64.6164276355412,48.4297820450738,7106.44618565589,0,0,0,35611.2701234662,0,0,0,8177.56793804094]},"content":{"uri":"0/29.b3dm"},"geometricError":0,"refine":"REPLACE","transform":[0.998735552113029,0.0375819364556779,-0.0333900433920624,0.0,-0.0372317194108939,0.999245569763316,0.0110494514839053,0.0,0.0337801127172614,-0.00979231130163344,0.999381315927099,0.0,216733.264015386,-62562.69480203,-23544.933647831,1.0]}],"geometricError":37846.2560658029,"refine":"REPLACE"},{"boundingVolume":{"box":[4204.75656150107,-2177.45874189073,7603.22798796371,51454.9922001144,0,0,0,56644.1369490325,0,0,0,17300.008996442]},"children":[{"boundingVolume":{"box":[1083.46564956743,370.876854815753,-103.512659759261,26060.8937714187,0,0,0,28682.2179709214,0,0,0,10098.4976361962]},"children":[{"boundingVolume":{"box":[-798.501599076553,564.997813940281,-182.569248257671,10707.2933205372,0,0,0,10824.8593461637,0,0,0,6882.83533707028]},"content":{"uri":"0/21/0/0.b3dm"},"geometricError":0,"refine":"REPLACE","transform":[0.999998895921545,-0.00108967595647913,0.00101032767046849,0.0,0.00109168601591135,0.999997421867836,-0.0019911000287845,0.0,-0.001008155411882,0.00199220079104301,0.99999750737623,0.0,-6450.28757375455,12706.2590056988,140.377995219082,1.0]},{"boundingVolume":{"box":[329.324916707934,54.1573713391554,291.74391928874,10663.575472585,0,0,0,10180.9722983518,0,0,0,6759.61868829746]},"content":{"uri":"0/21/0/1.b3dm"},"geometricError":0,"refine":"REPLACE","transform":[0.99999778584601,-0.00154312529794726,0.00143075762867484,0.0,0.00154025350854457,0.999996801556004,0.00200611487502111,0.0,-0.00143384873909099,-0.00200390670371647,0.99999696421325,0.0,-9168.27318983083,-12761.1264962018,-3701.53590274975,1.0]},{"boundingVolume":{"box":[-1164.69351055275,1211.99092883407,-234.901038336568,15289.0968184093,0,0,0,15430.3539938328,0,0,0,6173.85710894596]},"content":{"uri":"0/21/0/2.b3dm"},"geometricError":0,"refine":"REPLACE","transform":[0.999998713663877,-0.00117618223043303,0.00109053470974935,0.0,0.00117830342898493,0.999997411362909,-0.00194650160840115,0.0,-0.00108824244614748,0.00194778408533358,0.99999751092967,0.0,-6965.84753350075,12418.9092932865,3029.54040064104,1.0]},{"boundingVolume":{"box":[-36.7381910664262,697.543364398181,246.958407927305,15248.0743134938,0,0,0,14803.4475820004,0,0,0,6045.67130078562]},"content":{"uri":"0/21/0/3.b3dm"},"geometricError":0,"refine":"REPLACE","transform":[0.999997532292732,-0.0016290862299011,0.00151045903680069,0.0,0.00162598973750592,0.999996578871004,0.0020490006497299,0.0,-0.00151379186806901,-0.00204653960250351,0.999996760049669,0.0,-9683.83314957656,-13048.4762086147,-812.373497328721,1.0]},{"boundingVolume":{"box":[-672.299309202586,-708.247718269471,2819.0583802429,9262.72305743431,0,0,0,12421.757414565,0,0,0,6731.35243778443]},"content":{"uri":"0/21/0/4.b3dm"},"geometricError":0,"refine":"REPLACE","transform":[0.999996130149548,0.00204006587639544,-0.00189151186850145,0.0,-0.00204463638551318,0.999994987446888,-0.00241754899639202,0.0,0.00188657042798572,0.0024214070948288,0.999995288808753,0.0,12067.1146288444,15445.5654798988,-1661.41875639744,1.0]},{"boundingVolume":{"box":[2209.39262879081,-431.769404115155,-119.164416893851,7228.73719438165,0,0,0,13776.0188472094,0,0,0,4543.69272853667]},"content":{"uri":"0/21/0/5.b3dm"},"geometricError":0,"refine":"REPLACE","transform":[0.999991716486858,0.00298472211881906,-0.00276737990534903,0.0,-0.00297878120315872,0.999993255580769,0.00214840767063773,0.0,0.0027737736408736,-0.00214014645503047,0.999993862957639,0.0,17736.3940634837,-13630.3187082661,-3570.13381259516,1.0]},{"boundingVolume":{"box":[-194.645774066681,777.423566138605,170.395584170241,5672.76023334824,0,0,0,13589.0558637769,0,0,0,5253.54213949991]},"content":{"uri":"0/21/0/6.b3dm"},"geometricError":0,"refine":"REPLACE","transform":[0.999991686610439,0.00299009979966608,-0.00277236599293812,0.0,-0.00299598464607855,0.999993262774116,-0.00212096260658157,0.0,0.00276600542501719,0.00212925094014127,0.999993907733654,0.0,17709.6252830119,13575.0273263729,4589.53183421865,1.0]},{"boundingVolume":{"box":[-388.477203377406,28.2237384724431,-421.281603177078,1583.25327920343,0,0,0,12234.4231048948,0,0,0,4729.44406281319]},"content":{"uri":"0/21/0/7.b3dm"},"geometricError":0,"refine":"REPLACE","transform":[0.999994523053978,0.0024269797701667,-0.00225025137325191,0.0,-0.00242128914500324,0.99999387284122,0.00252816907947029,0.0,0.0022563734008159,-0.00252270672360116,0.999994272348529,0.0,14440.1686182944,-16100.6057447023,1826.70417969767,1.0]}],"content":{"uri":"0/21/0.b3dm"},"geometricError":20660.5976400965,"refine":"REPLACE","transform":[0.999988890893362,-0.00344370887467321,0.00321853368022873,0.0,0.00345649459625658,0.999986124140101,-0.00397544618431261,0.0,-0.00320479874100066,0.00398652686493062,0.999986918348728,0.0,-20504.0101799457,25402.8713892098,6764.48720327858,1.0]},{"boundingVolume":{"box":[-644.971769365946,516.98425350897,3504.4028553213,21281.8932317707,0,0,0,49755.3503254578,0,0,0,9581.53243711172]},"children":[{"boundingVolume":{"box":[-644.971769365946,516.98425350897,3504.4028553213,21281.8932317707,0,0,0,49755.3503254578,0,0,0,9581.53243711172]},"children":[{"boundingVolume":{"box":[-2.3283064365387e-10,2.3283064365387e-10,1883.56265253108,3412.25577601371,0,0,0,42227.4415337688,0,0,0,7276.08307280298]},"children":[{"boundingVolume":{"box":[-2.3283064365387e-10,2.3283064365387e-10,1883.56265253108,3412.25577601371,0,0,0,42227.4415337688,0,0,0,7276.08307280298]},"children":[{"boundingVolume":{"box":[-2.3283064365387e-10,2.3283064365387e-10,1883.56265253108,3412.25577601371,0,0,0,42227.4415337688,0,0,0,7276.08307280298]},"content":{"uri":"0/21/1/0/0/0/0.b3dm"},"geometricError":0,"refine":"REPLACE","transform":[1.0,-5.55111512312578e-17,0.0,0.0,0.0,1.0,5.55111512312578e-17,0.0,0.0,0.0,1.0,0.0,0.0,0.0,0.0,1.0]}],"content":{"uri":"0/21/1/0/0/0.b3dm"},"geometricError":322.821838126508,"refine":"REPLACE","transform":[1.0,-5.55111512312578e-17,0.0,0.0,0.0,1.0,5.55111512312578e-17,0.0,0.0,0.0,1.0,0.0,0.0,0.0,0.0,1.0]}],"content":{"uri":"0/21/1/0/0.b3dm"},"geometricError":1291.28735250603,"refine":"REPLACE","transform":[0.999994319342631,-0.00245968913318945,0.00230460665528487,0.0,0.00246259127308853,0.999996177428899,-0.00125728748192833,0.0,-0.00230150530940546,0.00126295564394624,0.999996554002239,0.0,-14700.2153780409,8042.23862844985,-239.078261042014,1.0]},{"boundingVolume":{"box":[166.939783000271,128.667153415736,225.369804014452,811.709105604677,0,0,0,5002.19145948812,0,0,0,5401.37804503832]},"content":{"uri":"0/21/1/0/1.b3dm"},"geometricError":0,"refine":"REPLACE","transform":[0.999993481749571,-0.00263479211291717,0.00246866945777302,0.0,0.00263040269687411,0.999994956968289,0.00177961221679146,0.0,-0.00247334591642743,-0.00177310702203393,0.999995369315011,0.0,-15803.3863450144,-11300.5805559289,2069.23080304638,1.0]},{"boundingVolume":{"box":[-198.850203235867,766.937286169501,185.197566633113,5167.76431939192,0,0,0,5520.73337798123,0,0,0,4178.33414049167]},"content":{"uri":"0/21/1/0/2.b3dm"},"geometricError":0,"refine":"REPLACE","transform":[0.999993733818363,-0.00258334465410043,0.00242046574195115,0.0,0.00258426054234086,0.999996590352004,-0.000375342263549405,0.0,-0.00241948785058497,0.000381595025697568,0.999997000227389,0.0,-15470.5853748769,2409.86586633977,6697.20984277781,1.0]},{"boundingVolume":{"box":[-198.94003198226,765.686042039189,189.864000760019,5407.53568689059,0,0,0,9644.21188186714,0,0,0,4680.70965161826]},"content":{"uri":"0/21/1/0/3.b3dm"},"geometricError":0,"refine":"REPLACE","transform":[0.999993058403336,-0.00271900793938029,0.0025475755079436,0.0,0.00271437441134361,0.999994658970953,0.00182049474653323,0.0,-0.00255251184093811,-0.00181356703562313,0.999995097816939,0.0,-16316.6231038196,-11573.2245521834,4960.23142825067,1.0]},{"boundingVolume":{"box":[-346.045741012552,-812.558662847849,1886.71737219393,7773.28816853324,0,0,0,5132.86708583659,0,0,0,4895.76616994664]},"content":{"uri":"0/21/1/0/4.b3dm"},"geometricError":0,"refine":"REPLACE","transform":[0.999996251582051,0.00199804441916657,-0.00187206846744703,0.0,-0.00199909734950569,0.99999784458795,-0.000560739905592023,0.0,0.00187094404912915,0.000564480250815846,0.999998090463383,0.0,11957.7362618123,3583.55723057315,3838.21775711142,1.0]},{"boundingVolume":{"box":[1214.92168810661,524.921044693328,1964.23021756671,10400.9236128514,0,0,0,42233.6612219689,0,0,0,7759.86155784689]},"children":[{"boundingVolume":{"box":[1214.92168810661,524.921044693328,1964.23021756671,10400.9236128514,0,0,0,42233.6612219689,0,0,0,7759.86155784689]},"children":[{"boundingVolume":{"box":[1214.92168810661,524.921044693328,1964.23021756671,10400.9236128514,0,0,0,42233.6612219689,0,0,0,7759.86155784689]},"content":{"uri":"0/21/1/0/5/0/0.b3dm"},"geometricError":0,"refine":"REPLACE","transform":[1.0,5.55111512312578e-17,-5.55111512312578e-17,0.0,3.80024073408385e-17,1.0,0.0,0.0,4.04636249898667e-17,0.0,1.0,0.0,0.0,0.0,0.0,1.0]}],"content":{"uri":"0/21/1/0/5/0.b3dm"},"geometricError":322.821838126508,"refine":"REPLACE","transform":[1.0,5.55111512312578e-17,-5.55111512312578e-17,0.0,3.80024073408385e-17,1.0,0.0,0.0,4.04636249898667e-17,0.0,1.0,0.0,0.0,0.0,0.0,1.0]}],"content":{"uri":"0/21/1/0/5.b3dm"},"geometricError":1291.28735250603,"refine":"REPLACE","transform":[0.99999784735046,0.00151414676549227,-0.00141868037946191,0.0,-0.00151246726007024,0.999998155082873,0.00118417635362184,0.0,0.00142047077890985,-0.00118202809687862,0.999998292534715,0.0,9072.75704172649,-7525.25437494274,-245.310329062864,1.0]},{"boundingVolume":{"box":[-1139.38692742144,210.164263185579,621.951956368983,10311.3922408903,0,0,0,7212.47650065692,0,0,0,4351.29275891837]},"content":{"uri":"0/21/1/0/6.b3dm"},"geometricError":0,"refine":"REPLACE","transform":[0.999997464280114,0.00164335694473028,-0.00153974390532963,0.0,-0.0016443127914925,0.99999845608834,-0.000619722825474289,0.0,0.00153872310229205,0.00062225307462993,0.999998622565214,0.0,9841.03830663161,3939.93031419907,8127.76409514248,1.0]},{"boundingVolume":{"box":[-1277.93283071171,10.7070425476413,883.882454324979,10561.3633868879,0,0,0,12215.258089198,0,0,0,4844.85221385537]},"content":{"uri":"0/21/1/0/7.b3dm"},"geometricError":0,"refine":"REPLACE","transform":[0.999997815363877,0.00152535475278542,-0.00142918170735723,0.0,-0.00152309574422536,0.999997591273453,0.00158038813118511,0.0,0.00143158891739644,-0.00157820789803592,0.999997729903924,0.0,9152.98082351754,-10079.3939928431,6170.46507074591,1.0]}],"content":{"uri":"0/21/1/0.b3dm"},"geometricError":5165.14941002414,"refine":"REPLACE","transform":[1.0,-5.55111512312578e-17,5.55111512312578e-17,0.0,-3.65338971873045e-17,1.0,0.0,0.0,2.02542787258927e-17,0.0,1.0,0.0,0.0,0.0,0.0,1.0]}],"content":{"uri":"0/21/1.b3dm"},"geometricError":20660.5976400965,"refine":"REPLACE","transform":[0.999983286624754,-0.00422394578680857,0.00394775292368277,0.0,0.00421902218329351,0.999990312757678,0.00125468825565656,0.0,-0.00395301441601487,-0.00123801162842174,0.999991420465313,0.0,-25249.5180878958,-7870.99179113191,-3557.9003845118,1.0]},{"boundingVolume":{"box":[-172.117210860015,-79.9688398570288,73.6401971010491,1008.56445630116,0,0,0,4914.23401072598,0,0,0,1345.41351489257]},"content":{"uri":"0/21/2.b3dm"},"geometricError":0,"refine":"REPLACE","transform":[0.99999874744411,-0.00115634250281449,0.00108073226472771,0.0,0.00115692746724017,0.999999184527633,-0.000540798395425035,0.0,-0.00108010603525033,0.000542048046886623,0.999999269777167,0.0,-6914.67358240602,3422.90537266899,10840.9072942398,1.0]},{"boundingVolume":{"box":[-172.163412614144,-79.7063876891043,73.8397681447677,1613.72166173055,0,0,0,14529.0340071099,0,0,0,2515.3791869157]},"content":{"uri":"0/21/3.b3dm"},"geometricError":0,"refine":"REPLACE","transform":[0.999998269796996,-0.00135905305522444,0.00127018809970475,0.0,0.00135590750753378,0.999996020334074,0.00247403129467838,0.0,-0.0012735453845702,-0.0024723047565216,0.999996132888195,0.0,-8149.89601439983,-15799.8812644128,8423.35156665836,1.0]},{"boundingVolume":{"box":[171.144548808461,-4214.44552106131,5721.47667857725,24894.2100214812,0,0,0,45573.3342982111,0,0,0,10779.5099093132]},"children":[{"boundingVolume":{"box":[375.995115188766,-1186.73527361779,1027.86633678339,4448.35988352529,0,0,0,20130.5518963174,0,0,0,7574.13927138783]},"content":{"uri":"0/21/4/0.b3dm"},"geometricError":0,"refine":"REPLACE","transform":[0.999996063478304,-0.0020530012693365,0.00191264572899885,0.0,0.00205821847333839,0.999994156005497,-0.00272977866687713,0.0,-0.0019070303124397,0.0027337045638165,0.999994445031944,0.0,-12202.8688801592,17418.6310199872,5796.87121799588,1.0]},{"boundingVolume":{"box":[14.504933297867,-164.969283054816,37.9731092061847,1165.1118377184,0,0,0,6117.01036705938,0,0,0,3914.87443674449]},"content":{"uri":"0/21/4/1.b3dm"},"geometricError":0,"refine":"REPLACE","transform":[0.99999344048618,-0.00265013766230759,0.00246895827916838,0.0,0.00264702385321493,0.999995698282442,0.00126359856498492,0.0,-0.00247229636855454,-0.0012570548849351,0.999996153774445,0.0,-15810.1656752843,-8020.22878003074,1952.95706399158,1.0]},{"boundingVolume":{"box":[-767.482446509063,135.725858731661,1337.76290352829,10478.2888991368,0,0,0,22887.4893780001,0,0,0,6125.4703443218]},"content":{"uri":"0/21/4/2.b3dm"},"geometricError":0,"refine":"REPLACE","transform":[0.99999521351105,-0.00226381707453011,0.00210904889514951,0.0,0.00226987262092289,0.999993295988127,-0.00287326592710835,0.0,-0.00210253020759541,0.00287803944659593,0.999993648107662,0.0,-13460.771758378,18337.8113564663,9068.7977545131,1.0]},{"boundingVolume":{"box":[-106.200960773858,-423.346889310982,71.6171850920655,1150.91647037363,0,0,0,6030.17923521902,0,0,0,3557.52656510053]},"content":{"uri":"0/21/4/3.b3dm"},"geometricError":0,"refine":"REPLACE","transform":[0.999993141591319,-0.00270984378768774,0.00252458253396509,0.0,0.00270655970915381,0.999995487896745,0.00130334979638058,0.0,-0.00252810301713711,-0.00129650792410618,0.999995963873024,0.0,-16178.8499229543,-8293.36439126497,6605.1911327336,1.0]},{"boundingVolume":{"box":[3828.31760299602,-1534.02837947337,5685.06896506622,17723.9933914142,0,0,0,23651.1219146815,0,0,0,6798.91627115943]},"content":{"uri":"0/21/4/4.b3dm"},"geometricError":0,"refine":"REPLACE","transform":[0.999999673089074,0.00059162702395904,-0.000551179834828608,0.0,-0.000593135214517463,0.999996069844669,-0.00274016164379803,0.0,0.000549556514927628,0.00274048767217894,0.999996093849849,0.0,3514.39086157223,17464.2485262472,1893.78125721589,1.0]},{"boundingVolume":{"box":[350.359424020746,-86.9055687179789,2502.63811605098,6568.60906032578,0,0,0,40023.3424580847,0,0,0,7536.69526728475]},"content":{"uri":"0/21/4/5.b3dm"},"geometricError":0,"refine":"REPLACE","transform":[0.999998555682268,0.00124355367529283,-0.00115853685107487,0.0,-0.00124179185754062,0.999998073460358,0.00152020674786468,0.0,0.00116042507779609,-0.00151876589057476,0.999998173380236,0.0,7418.57870722073,-9679.23845760897,30.7743626050651,1.0]},{"boundingVolume":{"box":[-1000.30985565158,473.585355633404,558.985053226352,6062.69566674135,0,0,0,19132.9546318664,0,0,0,5772.01987497229]},"content":{"uri":"0/21/4/6.b3dm"},"geometricError":0,"refine":"REPLACE","transform":[0.999998124190639,0.00141718800027402,-0.00132030048709553,0.0,-0.00141930937447935,0.999997701252989,-0.00160718687075478,0.0,0.0013180197661112,0.00160905777083709,0.999997836876154,0.0,8439.60897175665,10236.8877412812,10190.3835737184,1.0]},{"boundingVolume":{"box":[-1106.86209652293,34.8049568110146,659.068329463713,5326.8446509433,0,0,0,7145.52325391304,0,0,0,4192.34467340633]},"content":{"uri":"0/21/4/7.b3dm"},"geometricError":0,"refine":"REPLACE","transform":[0.999998646676663,0.00120374351133873,-0.00112144834986705,0.0,-0.00120182770183861,0.999997820117638,0.00170744550339202,0.0,0.00112350123168705,-0.00170609540497318,0.999997913489549,0.0,7190.78814979107,-10910.1668949318,7361.46611276083,1.0]}],"content":{"uri":"0/21/4.b3dm"},"geometricError":20660.5976400965,"refine":"REPLACE","transform":[0.999975204603208,0.0051448285580819,-0.00480842155821332,0.0,-0.00515247816139869,0.999985477924364,-0.0015798446691398,0.0,0.00480022369998062,0.00160458078333381,0.999987191504441,0.0,30687.7041467023,10219.543635319,1899.76788852178,1.0]},{"boundingVolume":{"box":[3184.19079695363,2008.34511947748,3044.7208691258,15281.2687240283,0,0,0,40147.3266412506,0,0,0,9816.36916599516]},"children":[{"boundingVolume":{"box":[3184.19079695363,2008.34511947748,3044.7208691258,15281.2687240283,0,0,0,40147.3266412506,0,0,0,9816.36916599516]},"content":{"uri":"0/21/5/0.b3dm"},"geometricError":0,"refine":"REPLACE","transform":[1.0,0.0,0.0,0.0,-5.55111512312578e-17,1.0,5.55111512312578e-17,0.0,0.0,0.0,1.0,0.0,0.0,0.0,0.0,1.0]}],"content":{"uri":"0/21/5.b3dm"},"geometricError":20660.5976400965,"refine":"REPLACE","transform":[0.999985578507737,0.00392366213148965,-0.00366710403800774,0.0,-0.00391171316331645,0.999987035584922,0.00325993285323156,0.0,0.00367984737123622,-0.0032455411809984,0.999987962520433,0.0,23518.4263292272,-20678.3525348236,182.811706374399,1.0]},{"boundingVolume":{"box":[1185.3058661063,-2677.92336312542,-71.8856617561541,17823.2914491632,0,0,0,18142.912209854,0,0,0,9166.3606373095]},"content":{"uri":"0/21/6.b3dm"},"geometricError":0,"refine":"REPLACE","transform":[0.999984923282263,0.0040118051659862,-0.00374948362801647,0.0,-0.00401934072318111,0.999989913611783,-0.00200438889704113,0.0,0.00374140459153716,0.0020194291296724,0.999990961857993,0.0,23966.0806026128,12846.5031985906,14532.967736965,1.0]},{"boundingVolume":{"box":[7166.35726937454,2522.99615325825,-2372.1662986665,26042.0515252225,0,0,0,40485.054787755,0,0,0,16329.9513853765]},"content":{"uri":"0/21/7.b3dm"},"geometricError":0,"refine":"REPLACE","transform":[0.999998377564102,0.00131604780597744,-0.00122999485220177,0.0,-0.00131237217780139,0.999994685584499,0.00298437297055121,0.0,0.00123391589299815,-0.00298275391757452,0.999994790301748,0.0,7899.27779326588,-19071.4892607308,10836.8435847294,1.0]}],"content":{"uri":"0/21.b3dm"},"geometricError":82642.3905603862,"refine":"REPLACE","transform":[0.999378069417264,0.0263614585964673,-0.0234210987890998,0.0,-0.0257627066871129,0.999342576203113,0.0255087893063901,0.0,0.024078150094553,-0.0248895337117984,0.999400197018008,0.0,153882.275332255,-158435.96787404,-48046.5482774265,1.0]},{"boundingVolume":{"box":[-1971.84569187241,932.423341092421,265.828107953072,36658.3350408551,0,0,0,36729.792050448,0,0,0,9078.55945696868]},"children":[{"boundingVolume":{"box":[-1971.84569187241,932.423341092421,265.828107953072,36658.3350408551,0,0,0,36729.792050448,0,0,0,9078.55945696868]},"children":[{"boundingVolume":{"box":[0.0,2.3283064365387e-10,0.0,35348.8771662328,0,0,0,20511.501589068,0,0,0,5523.87848136388]},"content":{"uri":"0/30/0/0.b3dm"},"geometricError":0,"refine":"REPLACE","transform":[0.999999987863799,-0.000116375243555344,0.000103581871983671,0.0,0.000116652195608265,0.999996407957579,-0.00267777224646626,0.0,-0.000103269873515811,0.00267778429702098,0.999996409396849,0.0,-663.473526682006,17147.4361485923,1591.31448718719,1.0]},{"boundingVolume":{"box":[3.63797880709171e-12,0.0,4.65661287307739e-10,35344.6130479453,0,0,0,20495.6021693372,0,0,0,5437.95621834183]},"content":{"uri":"0/30/0/1.b3dm"},"geometricError":0,"refine":"REPLACE","transform":[0.999999706241224,-0.000572551583053194,0.000509609801604194,0.0,0.000571339575170378,0.99999701579824,0.00237528223670558,0.0,-0.000510968252430612,-0.00237499037869826,0.999997049161719,0.0,-3280.21785706282,-15190.1413185224,-3323.08390512131,1.0]},{"boundingVolume":{"box":[-994.700629059807,1325.11979300343,-474.519986819476,11455.2468322447,0,0,0,10957.4510777052,0,0,0,3121.34396182373]},"children":[{"boundingVolume":{"box":[-267.128872513538,-157.558268525871,122.682040702552,981.658469079761,0,0,0,1933.01923682704,0,0,0,358.671398686245]},"content":{"uri":"0/30/0/2/0.b3dm"},"geometricError":0,"refine":"REPLACE","transform":[0.99999999574488,-6.90079839237856e-05,6.12220365464045e-05,0.0,6.9052870809198e-05,0.999999728617203,-0.000733482937981034,0.0,-6.11714037530228e-05,0.00073348716241739,0.999999729127284,0.0,-393.119810235919,4701.50559564587,-503.392509616911,1.0]},{"boundingVolume":{"box":[130.116344445734,-99.8235062211752,-22.8417680449784,2478.12577369402,0,0,0,836.406457183417,0,0,0,793.061455096118]},"content":{"uri":"0/30/0/2/1.b3dm"},"geometricError":0,"refine":"REPLACE","transform":[0.999997223544512,-0.00176274097482637,0.00156385661841468,0.0,0.00176061386792479,0.999997524632034,0.00136050307298574,0.0,-0.0015662509618072,-0.00135774594795968,0.999997851689625,0.0,-10061.933568897,-8687.37884078594,-2775.83882135339,1.0]},{"boundingVolume":{"box":[-0.647723243222572,-3.02406220533885,116.668536386453,2498.89379230549,0,0,0,837.134823800763,0,0,0,1160.68599402625]},"content":{"uri":"0/30/0/2/2.b3dm"},"geometricError":0,"refine":"REPLACE","transform":[0.999997285769888,-0.00174287596577044,0.00154623291400735,0.0,0.00174074860302962,0.999997538045785,0.0013761165171034,0.0,-0.00154862750765646,-0.00137342117922146,0.999997857731258,0.0,-9949.0883199831,-8788.90921455435,-2536.39851454552,1.0]},{"boundingVolume":{"box":[537.105886932346,0.000367413274943829,-0.000440758187323809,5659.09893892996,0,0,0,8144.55094666779,0,0,0,1622.85049891984]},"content":{"uri":"0/30/0/2/3.b3dm"},"geometricError":0,"refine":"REPLACE","transform":[0.999999500266956,0.000747846426983501,-0.000663469336163292,0.0,-0.000748274789113009,0.999999511625477,-0.000645626553547052,0.0,0.000662986182630533,0.000646122688283846,0.999999571487305,0.0,4261.0307564938,4140.3775598756,-5.57439847663045,1.0]},{"boundingVolume":{"box":[180.092449293705,-66.4886309257708,62.230934697669,874.04176345421,0,0,0,2727.23568418901,0,0,0,1290.1339792856]},"content":{"uri":"0/30/0/2/4.b3dm"},"geometricError":0,"refine":"REPLACE","transform":[0.999997563612563,0.00165126339940758,-0.00146495669686453,0.0,-0.00165211285513585,0.999998467738368,-0.000578829879798848,0.0,0.00146399865157257,0.000581248743336205,0.999998759428154,0.0,9411.0791176958,3721.08137564827,1296.35370669793,1.0]}],"content":{"uri":"0/30/0/2.b3dm"},"geometricError":3808.9941235405,"refine":"REPLACE","transform":[0.999985734782356,0.00398985285337816,-0.00355124006503926,0.0,-0.00399559164008066,0.999990720934741,-0.00161037010125742,0.0,0.0035447819731075,0.00162453643409316,0.999992397672171,0.0,22782.3739470092,10396.7659570486,3939.16707625799,1.0]},{"boundingVolume":{"box":[-534.747751317804,2080.1563819095,434.310047132894,12581.6720037864,0,0,0,16928.4659382186,0,0,0,5740.33279576711]},"children":[{"boundingVolume":{"box":[-495.322910361342,-802.058350695064,1240.95718523581,4903.08081789629,0,0,0,8682.44799796003,0,0,0,1861.95747267269]},"content":{"uri":"0/30/0/3/0.b3dm"},"geometricError":0,"refine":"REPLACE","transform":[0.999999382512548,-0.00082767776397813,0.000741568636178136,0.0,0.000828963743026397,0.99999815041446,-0.0017355076409567,0.0,-0.000740130823499809,0.00173612130281475,0.999998219043007,0.0,-4753.04484149488,11122.2081618449,-1908.34240623284,1.0]},{"boundingVolume":{"box":[0.00200424366630614,-5.33791176439263,111.922392118722,2498.53797484771,0,0,0,837.256832388928,0,0,0,1164.15792153776]},"content":{"uri":"0/30/0/3/1.b3dm"},"geometricError":0,"refine":"REPLACE","transform":[0.999996939415429,-0.00184267670859761,0.0016509701156453,0.0,0.00184014591394956,0.999997131693444,0.0015331235766311,0.0,-0.00165379043126294,-0.0015300808584644,0.999997461911667,0.0,-10616.4801222396,-9778.74887049152,-4249.34985121433,1.0]},{"boundingVolume":{"box":[540.590255512041,0.000365921994671226,530.637601896189,5659.7471502343,0,0,0,8146.45968603971,0,0,0,2114.66017872375]},"content":{"uri":"0/30/0/3/2.b3dm"},"geometricError":0,"refine":"REPLACE","transform":[0.999999648631717,0.000624350590003764,-0.0005593950153992,0.0,-0.00062462663546257,0.999999683182821,-0.000493432694624707,0.0,0.000559086763179194,0.000493781934274407,0.999999721800658,0.0,3590.44659403223,3167.53676864086,-1786.13680111337,1.0]},{"boundingVolume":{"box":[118.065691933152,1782.2642406933,436.650592492893,1642.48156826443,0,0,0,8408.69644004805,0,0,0,4882.03226664476]},"content":{"uri":"0/30/0/3/3.b3dm"},"geometricError":0,"refine":"REPLACE","transform":[0.999997501717544,0.00166482191565037,-0.00149161880528786,0.0,-0.00166290480377716,0.999997791019074,0.00128557558572578,0.0,0.00149375576473972,-0.00128309195391818,0.999998061182497,0.0,9594.9782121547,-8215.94970179023,-357.049839322455,1.0]},{"boundingVolume":{"box":[186.862077489146,117.228872228647,215.097706110217,705.749437172082,0,0,0,975.718126482563,0,0,0,4881.77412204351]},"content":{"uri":"0/30/0/3/4.b3dm"},"geometricError":0,"refine":"REPLACE","transform":[0.999996616642376,0.00193740703251422,-0.00173584497899054,0.0,-0.00193583821049818,0.999997716745751,0.000905004810487275,0.0,0.00173759