{"asset":{"generatetool":"cesiumlab@www.cesiumlab.com","gltfUpAxis":"Z","version":"1.0"},"root":{"boundingVolume":{"box":[304662.716184165,-261480.122621496,-58225.8702764297,133916.258897494,0,0,0,138435.757129428,0,0,0,133751.256249029]},"children":[{"boundingVolume":{"box":[4202.99978603865,1524.61316426634,2725.09341908153,61317.4309868652,0,0,0,40865.1070358932,0,0,0,15657.7464405978]},"children":[{"boundingVolume":{"box":[419.816316960845,136.243632674683,1183.53834145237,27629.5749505223,0,0,0,22383.1237416347,0,0,0,13322.9958709246]},"children":[{"boundingVolume":{"box":[2563.90988574352,1552.97612985387,2654.86952520069,8877.09074573114,0,0,0,8717.61290989514,0,0,0,12384.348716394]},"content":{"uri":"0/39/0/0.b3dm"},"geometricError":0,"refine":"REPLACE","transform":[0.999988803484116,-0.00342936942354138,0.00326072564958241,0.0,0.0034356240594885,0.999992265538664,-0.00191451042618657,0.0,-0.00325413486610932,0.0019256916178334,0.99999285113348,0.0,-20820.544688066,12283.3545409548,-516.085068071261,1.0]},{"boundingVolume":{"box":[659.722665112466,276.502121129539,-1047.75907938462,13600.1704187426,0,0,0,5937.12494457373,0,0,0,6596.58665204607]},"content":{"uri":"0/39/0/1.b3dm"},"geometricError":0,"refine":"REPLACE","transform":[0.999994777745985,-0.00234208399320845,0.00222690891733829,0.0,0.00233711076304433,0.999994775286249,0.00223322938491444,0.0,-0.00223212769317216,-0.00222801318962429,0.999995026769228,0.0,-14272.4492772024,-14185.6711874632,-4479.57171096839,1.0]},{"boundingVolume":{"box":[-1832.60627357964,-924.917004699353,273.18213369837,6075.57773767971,0,0,0,10069.8342115707,0,0,0,7109.85310608009]},"content":{"uri":"0/39/0/2.b3dm"},"geometricError":0,"refine":"REPLACE","transform":[0.99999601718756,0.00204535422283653,-0.00194477122560843,0.0,-0.00204845681606486,0.9999966303726,-0.00159470000885087,0.0,0.00194150294605683,0.00159867743733272,0.99999683739338,0.0,12422.3897276302,10197.3516496015,-328.684535084292,1.0]},{"boundingVolume":{"box":[-883.056454266189,1381.56943648052,-2529.62692366913,14376.5858266924,0,0,0,12079.1170498438,0,0,0,6965.74793722481]},"content":{"uri":"0/39/0/3.b3dm"},"geometricError":0,"refine":"REPLACE","transform":[0.999994575559041,0.00238699187680785,-0.00226960839640739,0.0,-0.00238286483732186,0.999995505929552,0.00181936138960959,0.0,0.00227394099748535,-0.0018139433505488,0.999995769391982,0.0,14548.8471472161,-11566.9750465509,-522.450469478965,1.0]}],"content":{"uri":"0/39/0.b3dm"},"geometricError":19277.0263539186,"refine":"REPLACE","transform":[0.99998741869294,-0.00362450987667379,0.00346776354206602,0.0,0.00363526061834927,0.999988590689645,-0.0030989305853954,0.0,-0.00345649187276178,0.00311149782103637,0.999989185564146,0.0,-22116.7506640072,19840.2341530072,1524.02274963073,1.0]},{"boundingVolume":{"box":[1573.18500357668,514.733744208934,110.437483011745,30874.8228599097,0,0,0,13664.9995067015,0,0,0,6748.34074013866]},"children":[{"boundingVolume":{"box":[1573.18500357668,514.733744208934,110.437483011745,30874.8228599097,0,0,0,13664.9995067015,0,0,0,6748.34074013866]},"content":{"uri":"0/39/1/0.b3dm"},"geometricError":0,"refine":"REPLACE","transform":[1.0,-5.55111512312578e-17,5.55111512312578e-17,0.0,-9.17659578593592e-17,1.0,-5.55111512312578e-17,0.0,7.55002775323092e-17,0.0,1.0,0.0,0.0,0.0,0.0,1.0]}],"content":{"uri":"0/39/1.b3dm"},"geometricError":19277.0263539186,"refine":"REPLACE","transform":[0.9999802674719,-0.00453917571679135,0.00434287354630303,0.0,0.00452426248941654,0.999983856718087,0.00343763758237453,0.0,-0.00435840747910828,-0.00341792144921255,0.999984660930963,0.0,-27853.5512420817,-21752.2404445289,-6186.28724961728,1.0]},{"boundingVolume":{"box":[-1812.28634461237,562.312147613848,-2177.7273191628,42298.3449466686,0,0,0,21050.3087810229,0,0,0,11824.6160761039]},"children":[{"boundingVolume":{"box":[-1812.28634461237,562.312147613848,-2177.7273191628,42298.3449466686,0,0,0,21050.3087810229,0,0,0,11824.6160761039]},"children":[{"boundingVolume":{"box":[141.092036856804,128.048362978036,-222.942840750329,1935.89305784297,0,0,0,10479.9869537905,0,0,0,6700.16949405242]},"content":{"uri":"0/39/2/0/0.b3dm"},"geometricError":0,"refine":"REPLACE","transform":[0.999996815327883,-0.00182758992478849,0.00174047383199011,0.0,0.00183058691298786,0.999996841993041,-0.00172190461407207,0.0,-0.00173732140003754,0.00172508521898962,0.999997002893179,0.0,-11118.3133552365,11013.5483072647,-2627.7745593572,1.0]},{"boundingVolume":{"box":[1.16415321826935e-10,-656.81986154709,-2428.54630524991,42300.2914986237,0,0,0,10759.6580640008,0,0,0,7698.74219472287]},"children":[{"boundingVolume":{"box":[1.16415321826935e-10,-656.81986154709,-2428.54630524991,42300.2914986237,0,0,0,10759.6580640008,0,0,0,7698.74219472287]},"children":[{"boundingVolume":{"box":[1.16415321826935e-10,-656.81986154709,-2428.54630524991,42300.2914986237,0,0,0,10759.6580640008,0,0,0,7698.74219472287]},"content":{"uri":"0/39/2/0/1/0/0.b3dm"},"geometricError":0,"refine":"REPLACE","transform":[1.0,0.0,0.0,0.0,1.91647157499608e-17,1.0,0.0,0.0,2.00769930013958e-17,-5.55111512312578e-17,1.0,0.0,0.0,0.0,0.0,1.0]}],"content":{"uri":"0/39/2/0/1/0.b3dm"},"geometricError":301.203536779978,"refine":"REPLACE","transform":[1.0,0.0,0.0,0.0,1.91647157499608e-17,1.0,0.0,0.0,2.00769930013958e-17,-5.55111512312578e-17,1.0,0.0,0.0,0.0,0.0,1.0]}],"content":{"uri":"0/39/2/0/1.b3dm"},"geometricError":1204.81414711991,"refine":"REPLACE","transform":[0.999999915864344,-0.00029705493556148,0.000282895158807583,0.0,0.000296724537331408,0.99999927474741,0.0011672442774589,0.0,-0.000283241689310785,-0.00116716023731689,0.999999278755303,0.0,-1812.28634461248,-7431.11879246123,-3859.58057527151,1.0]},{"boundingVolume":{"box":[113.289556082804,25.4534493368119,-210.216800957918,1506.95470133098,0,0,0,9714.79580182862,0,0,0,2075.26029009372]},"content":{"uri":"0/39/2/0/2.b3dm"},"geometricError":0,"refine":"REPLACE","transform":[0.999996499196756,-0.00191615311494042,0.00182481546292512,0.0,0.0019190660756682,0.999996885149948,-0.00159589341708716,0.0,-0.00182175180275642,0.0015993897716276,0.999997061582047,0.0,-11669.4142149766,10201.3547694818,3267.85535508394,1.0]},{"boundingVolume":{"box":[1840.76295415347,872.401588458568,-596.642083862796,4899.73230423999,0,0,0,4126.74696496362,0,0,0,9180.79876311589]},"content":{"uri":"0/39/2/0/3.b3dm"},"geometricError":0,"refine":"REPLACE","transform":[0.999991364256044,-0.00300950922733412,0.00286605435183385,0.0,0.00300758621646722,0.999995249365276,0.000675034837000987,0.0,-0.00286807225982729,-0.000666409102008825,0.999995665020815,0.0,-18365.2759242603,-4257.19687880715,1066.77544848714,1.0]},{"boundingVolume":{"box":[-916.021508508944,-682.598919847514,-219.777990892064,6206.70748985035,0,0,0,10015.144065476,0,0,0,6484.34996389644]},"content":{"uri":"0/39/2/0/4.b3dm"},"geometricError":0,"refine":"REPLACE","transform":[0.999995796986542,0.00209955217784669,-0.00199947240618714,0.0,-0.00210253562022147,0.999996677852237,-0.0014911835754996,0.0,0.00199633494592087,0.00149538126999071,0.999996889235982,0.0,12780.8011414616,9543.6671357071,-186.639486636966,1.0]},{"boundingVolume":{"box":[669.894771186286,274.341875324724,-1048.59036468901,10124.260142275,0,0,0,5694.44876280357,0,0,0,6369.05051189847]},"content":{"uri":"0/39/2/0/5.b3dm"},"geometricError":0,"refine":"REPLACE","transform":[0.99999910272952,0.000970081741969608,-0.000923840662442332,0.0,-0.000967895004629368,0.999996736107303,0.00236451982467023,0.0,0.000926131424635914,-0.00236362352229413,0.999996777777023,0.0,5927.01878273394,-15070.0087200906,-2469.15586062148,1.0]},{"boundingVolume":{"box":[-0.000119193224236369,-1.16999726742506e-05,-0.000237573403865099,370.330373469274,0,0,0,3325.51105164993,0,0,0,1182.71400861582]},"content":{"uri":"0/39/2/0/6.b3dm"},"geometricError":0,"refine":"REPLACE","transform":[0.999992533145479,0.00279843209094605,-0.00266503867132928,0.0,-0.00280461024719444,0.99999338208409,-0.00231731512428418,0.0,0.00265853618531884,0.00232477221599625,0.999993763790303,0.0,17035.9185825826,14830.6731006191,5629.34952471592,1.0]}],"content":{"uri":"0/39/2/0.b3dm"},"geometricError":4819.25658847964,"refine":"REPLACE","transform":[1.0,0.0,0.0,0.0,-1.9141268782785e-17,1.0,0.0,0.0,-2.00993484257594e-17,5.55111512312578e-17,1.0,0.0,0.0,0.0,0.0,1.0]}],"content":{"uri":"0/39/2.b3dm"},"geometricError":19277.0263539186,"refine":"REPLACE","transform":[0.999983978921255,0.00409008101662656,-0.00391320049224708,0.0,-0.00409912230233374,0.999988941484693,-0.00230523419065953,0.0,0.00390372862345732,0.00232123794573225,0.999989686325431,0.0,24992.7165112074,14796.0687914267,5187.11160265468,1.0]},{"boundingVolume":{"box":[-25.908077751752,437.951661099447,2642.54288615519,19062.4589246516,0,0,0,12845.2894290544,0,0,0,10725.2095809164]},"children":[{"boundingVolume":{"box":[-25.908077751752,437.951661099447,2642.54288615519,19062.4589246516,0,0,0,12845.2894290544,0,0,0,10725.2095809164]},"content":{"uri":"0/39/3/0.b3dm"},"geometricError":0,"refine":"REPLACE","transform":[1.0,0.0,0.0,0.0,0.0,1.0,-5.55111512312578e-17,0.0,0.0,-5.55111512312578e-17,1.0,0.0,0.0,0.0,0.0,1.0]}],"content":{"uri":"0/39/3.b3dm"},"geometricError":19277.0263539186,"refine":"REPLACE","transform":[0.999986756112964,0.00371872504364706,-0.0035579042596407,0.0,-0.00370365713953754,0.999984185124796,0.00423230718278145,0.0,0.00357358677854173,-0.00421907387307024,0.999984714329769,0.0,22853.3361889666,-26888.3458757871,-1877.73192576133,1.0]},{"boundingVolume":{"box":[180.017108374857,-17.5978573558386,-143.250238039531,4006.5011486538,0,0,0,4185.79014244,0,0,0,12372.6562813595]},"content":{"uri":"0/39/4.b3dm"},"geometricError":0,"refine":"REPLACE","transform":[0.999999393522461,0.00079578375182221,-0.000761369116331401,0.0,-0.000796782568532403,0.999998821283878,-0.00131246653061062,0.0,0.000760323779353402,0.00131307238026934,0.999998848873675,0.0,4868.47234100127,8360.16784837563,6152.87699918076,1.0]}],"content":{"uri":"0/39.b3dm"},"geometricError":77108.1054156743,"refine":"REPLACE","transform":[0.998349473684268,0.0429336651118141,-0.0381448396826068,0.0,-0.0414972886315037,0.998427790676032,0.0376818502997318,0.0,0.0397026879515587,-0.036036747992075,0.998561490026316,0.0,253975.979058581,-229684.394820954,-47184.3393631298,1.0]},{"boundingVolume":{"box":[-6151.78546787705,-3008.11379680666,5668.23183730058,50812.2534496328,0,0,0,44095.8965429703,0,0,0,16639.3280108292]},"children":[{"boundingVolume":{"box":[-722.415225699428,-2699.77363656228,5068.26222730055,20988.8787952677,0,0,0,20022.3934234334,0,0,0,12364.2252416881]},"children":[{"boundingVolume":{"box":[-722.415225699428,-2699.77363656228,5068.26222730055,20988.8787952677,0,0,0,20022.3934234334,0,0,0,12364.2252416881]},"content":{"uri":"0/43/0/0.b3dm"},"geometricError":0,"refine":"REPLACE","transform":[1.0,5.55111512312578e-17,0.0,0.0,1.7235914580501e-17,1.0,0.0,0.0,1.53055027431643e-17,0.0,1.0,0.0,0.0,0.0,0.0,1.0]}],"content":{"uri":"0/43/0.b3dm"},"geometricError":19025.6651710794,"refine":"REPLACE","transform":[0.999983267537311,-0.00417670890368221,0.00400246775576446,0.0,0.00418986423792274,0.9999858298377,-0.00328407695918498,0.0,-0.00398869440667086,0.00330079180500314,0.999986597455381,0.0,-25544.3044890582,21063.5643662335,2178.41006281599,1.0]},{"boundingVolume":{"box":[2313.57254977839,-1096.18928726297,4996.59701986983,27079.8146603262,0,0,0,23783.0264365044,0,0,0,10727.6237269975]},"children":[{"boundingVolume":{"box":[673.020193972508,273.678421488032,-1048.82480941014,13591.8853292539,0,0,0,6043.53145503625,0,0,0,6704.61172086699]},"content":{"uri":"0/43/1/0.b3dm"},"geometricError":0,"refine":"REPLACE","transform":[0.999996417426218,-0.00192870360822928,0.00185613499513132,0.0,0.00193345678565382,0.999994847874611,-0.00256241469947011,0.0,-0.00185118329361439,0.00256599427623172,0.999994994384365,0.0,-11850.658250056,16357.3955915743,4821.96366276965,1.0]},{"boundingVolume":{"box":[-18.4524897678057,-2876.36961795855,2341.51901659928,11126.7310710381,0,0,0,11468.074960737,0,0,0,7226.55869285576]},"content":{"uri":"0/43/1/1.b3dm"},"geometricError":0,"refine":"REPLACE","transform":[0.999998141531759,-0.00138913892388687,0.0013368717509129,0.0,0.00138692852276034,0.999997672136067,0.00165292217544288,0.0,-0.00133916477738949,-0.00165106495797679,0.999997740308548,0.0,-8565.14174418338,-10523.1118442044,-833.356222391129,1.0]},{"boundingVolume":{"box":[-1017.77792714629,-3838.96375342784,657.544424845371,5093.35201692744,0,0,0,8441.81006661523,0,0,0,9187.00888991402]},"content":{"uri":"0/43/1/2.b3dm"},"geometricError":0,"refine":"REPLACE","transform":[0.999997704506719,-0.00154385345490887,0.00148576505627102,0.0,0.00154145210630202,0.999997506187446,0.00161602731777033,0.0,-0.00148825626040922,-0.00161373337251502,0.99999759047605,0.0,-9528.74248226732,-10318.4875679086,5880.24837264232,1.0]},{"boundingVolume":{"box":[676.905952452682,272.853833284229,-1049.10214255797,14364.9689292796,0,0,0,6153.22495146561,0,0,0,6811.671578079]},"content":{"uri":"0/43/1/3.b3dm"},"geometricError":0,"refine":"REPLACE","transform":[0.999994754464148,0.00233379481472229,-0.0022459844055765,0.0,-0.00233863876549206,0.999994940099747,-0.0021565119122175,0.0,0.00224094018480087,0.00216175314635447,0.999995152493462,0.0,14351.3190437569,13774.9490553825,7307.24411137402,1.0]},{"boundingVolume":{"box":[641.959309052909,-2167.30195749551,1741.99890822964,14568.8334368542,0,0,0,12629.316707741,0,0,0,7329.74118660344]},"content":{"uri":"0/43/1/4.b3dm"},"geometricError":0,"refine":"REPLACE","transform":[0.999997917184476,0.00147059636162028,-0.0014152643044113,0.0,-0.0014684097545693,0.999997728653067,0.00154481762611119,0.0,0.00141753289303537,-0.00154273622063111,0.999997805280317,0.0,9069.56683147792,-9843.47905643936,1408.55108920671,1.0]},{"boundingVolume":{"box":[-0.000118699739687145,-1.19456090033054e-05,-0.000240733381360769,403.588167248177,0,0,0,3425.89515657537,0,0,0,1162.04171532625]},"content":{"uri":"0/43/1/5.b3dm"},"geometricError":0,"refine":"REPLACE","transform":[0.99999235270125,0.00281787360057695,-0.0027118494410292,0.0,-0.00280929147081921,0.999991050665106,0.00316330067022774,0.0,0.00272073895322972,-0.00315565810401769,0.999991319663065,0.0,17425.2028423864,-20171.6735938066,7828.91762895137,1.0]}],"content":{"uri":"0/43/1.b3dm"},"geometricError":19025.6651710794,"refine":"REPLACE","transform":[0.999973537419521,-0.00525253935342967,0.00503341743051616,0.0,0.00524181311435053,0.999983967844016,0.00214183337643414,0.0,-0.00504458679808099,-0.00211539246449877,0.999985038517456,0.0,-32268.9133558837,-13470.8996479651,-5125.77658990119,1.0]},{"boundingVolume":{"box":[-6452.099949667,-4749.47868122323,10780.970129062,23239.2059609129,0,0,0,42186.7289178625,0,0,0,11296.4390570563]},"children":[{"boundingVolume":{"box":[-3186.84012729779,-1093.92167469836,-1220.5076856059,13902.7764380792,0,0,0,18620.7657419874,0,0,0,8167.29677573266]},"content":{"uri":"0/43/2/0.b3dm"},"geometricError":0,"refine":"REPLACE","transform":[0.999995945817191,-0.00205700981836304,0.00196902508594748,0.0,0.0020603943243254,0.999996400946408,-0.00171839153284215,0.0,-0.00196548325106596,0.00172244153428036,0.999996585029545,0.0,-12597.3984887737,10968.6594111719,10592.987664314,1.0]},{"boundingVolume":{"box":[-1119.99787760642,-445.90995482076,-1292.54939849814,3412.58634035522,0,0,0,3486.35460634762,0,0,0,5983.82921596756]},"content":{"uri":"0/43/2/1.b3dm"},"geometricError":0,"refine":"REPLACE","transform":[0.999998397510304,-0.00129325030578775,0.00123793395236771,0.0,0.00129240203333684,0.999998929695832,0.000685787266026361,0.0,-0.00123881952199342,-0.000684186258702091,0.999998998607177,0.0,-7938.94144880446,-4403.46603077464,9822.33290808462,1.0]},{"boundingVolume":{"box":[-921.025863723363,2536.86833963101,-2471.4872700572,6469.48108877009,0,0,0,13690.2273057078,0,0,0,9180.02910146769]},"content":{"uri":"0/43/2/2.b3dm"},"geometricError":0,"refine":"REPLACE","transform":[0.999991143301933,-0.00304032561891954,0.00291028139956351,0.0,0.00304518611442987,0.999993973724417,-0.00166714017998354,0.0,-0.00290519521240636,0.00167598776313338,0.99999437543708,0.0,-18634.2669856141,10663.8823369602,15368.1684088474,1.0]},{"boundingVolume":{"box":[619.185178504444,2.3283064365387e-10,5134.40233304538,6342.58269893669,0,0,0,42185.1835049156,0,0,0,10172.7651240109]},"children":[{"boundingVolume":{"box":[619.185178504444,2.3283064365387e-10,5134.40233304538,6342.58269893669,0,0,0,42185.1835049156,0,0,0,10172.7651240109]},"children":[{"boundingVolume":{"box":[619.185178504444,2.3283064365387e-10,5134.40233304538,6342.58269893669,0,0,0,42185.1835049156,0,0,0,10172.7651240109]},"children":[{"boundingVolume":{"box":[619.185178504444,2.3283064365387e-10,5134.40233304538,6342.58269893669,0,0,0,42185.1835049156,0,0,0,10172.7651240109]},"content":{"uri":"0/43/2/3/0/0/0.b3dm"},"geometricError":0,"refine":"REPLACE","transform":[1.0,-5.55111512312578e-17,-5.55111512312578e-17,0.0,-5.33996350571467e-17,1.0,0.0,0.0,4.59688484449726e-18,5.55111512312578e-17,1.0,0.0,0.0,0.0,0.0,1.0]}],"content":{"uri":"0/43/2/3/0/0.b3dm"},"geometricError":297.276018298115,"refine":"REPLACE","transform":[1.0,-5.55111512312578e-17,-5.55111512312578e-17,0.0,-5.33996350571467e-17,1.0,0.0,0.0,4.59688484449726e-18,5.55111512312578e-17,1.0,0.0,0.0,0.0,0.0,1.0]}],"content":{"uri":"0/43/2/3/0.b3dm"},"geometricError":1189.10407319246,"refine":"REPLACE","transform":[1.0,-5.55111512312578e-17,-5.55111512312578e-17,0.0,-5.33996350571467e-17,1.0,0.0,0.0,4.59688484449726e-18,5.55111512312578e-17,1.0,0.0,0.0,0.0,0.0,1.0]}],"content":{"uri":"0/43/2/3.b3dm"},"geometricError":4756.41629276984,"refine":"REPLACE","transform":[0.999997525833358,0.00160693883269986,-0.00153820504157209,0.0,-0.00160579554231373,0.99999843378533,0.000744209354228365,0.0,0.0015393985313236,-0.000741737470131398,0.999998540037778,0.0,9857.04619335686,-4749.47868122347,4546.32864900213,1.0]}],"content":{"uri":"0/43/2.b3dm"},"geometricError":19025.6651710794,"refine":"REPLACE","transform":[0.999980095832308,0.00455539396474508,-0.00436535508678182,0.0,-0.00455779713234626,0.999989466998663,-0.000540718994560818,0.0,0.00436284591844645,0.000560604634895434,0.99999032560217,0.0,27916.2128770358,3586.54341404373,-3272.02766902372,1.0]},{"boundingVolume":{"box":[-1754.57362147048,-5347.89851239207,6724.61494980101,35097.2641490377,0,0,0,25554.6656163416,0,0,0,10744.890939285]},"children":[{"boundingVolume":{"box":[-1754.57362147048,-5347.89851239207,6724.61494980101,35097.2641490377,0,0,0,25554.6656163416,0,0,0,10744.890939285]},"children":[{"boundingVolume":{"box":[-1.16415321826935e-10,-4217.92932587257,1926.41809067084,22408.3243842378,0,0,0,5257.00637644902,0,0,0,7393.26479358552]},"children":[{"boundingVolume":{"box":[-1.16415321826935e-10,-4217.92932587257,1926.41809067084,22408.3243842378,0,0,0,5257.00637644902,0,0,0,7393.26479358552]},"children":[{"boundingVolume":{"box":[-1.16415321826935e-10,-4217.92932587257,1926.41809067084,22408.3243842378,0,0,0,5257.00637644902,0,0,0,7393.26479358552]},"content":{"uri":"0/43/3/0/0/0/0.b3dm"},"geometricError":0,"refine":"REPLACE","transform":[1.0,5.55111512312578e-17,5.55111512312578e-17,0.0,1.91945182897452e-17,1.0,5.55111512312578e-17,0.0,2.00485023226058e-17,0.0,1.0,0.0,0.0,0.0,0.0,1.0]}],"content":{"uri":"0/43/3/0/0/0.b3dm"},"geometricError":297.276018298115,"refine":"REPLACE","transform":[1.0,5.55111512312578e-17,5.55111512312578e-17,0.0,1.91945182897452e-17,1.0,5.55111512312578e-17,0.0,2.00485023226058e-17,0.0,1.0,0.0,0.0,0.0,0.0,1.0]}],"content":{"uri":"0/43/3/0/0.b3dm"},"geometricError":1189.10407319246,"refine":"REPLACE","transform":[0.999994671345638,-0.0023512708172021,0.00226468670560892,0.0,0.00235806021814074,0.99999271989119,-0.0029999527710865,0.0,-0.00225761651703975,0.00300527705300213,0.999992935713796,0.0,-14451.9321040986,19169.1315120901,1992.81513382401,1.0]},{"boundingVolume":{"box":[-5.96858796139713,742.467643361073,-770.213473011274,5053.76693585084,0,0,0,1941.0113722207,0,0,0,4540.18491370743]},"content":{"uri":"0/43/3/0/1.b3dm"},"geometricError":0,"refine":"REPLACE","transform":[0.999997146325134,-0.00172066526572751,0.00165730281836829,0.0,0.0017175561680224,0.999996766060485,0.00187559840612533,0.0,-0.00166052473578114,-0.00187274654309927,0.999996867734088,0.0,-10628.3255924161,-11952.2683433807,1296.33957766928,1.0]},{"boundingVolume":{"box":[-183.809722034261,-1443.69117899309,0.000113732181489468,2842.15407852805,0,0,0,2474.83518080157,0,0,0,9186.52743089106]},"content":{"uri":"0/43/3/0/2.b3dm"},"geometricError":0,"refine":"REPLACE","transform":[0.999998119390537,-0.00139683002302265,0.00134539261066446,0.0,0.00139503197229658,0.999998133874352,0.00133646309768432,0.0,-0.00134725691177238,-0.00133458371861189,0.999998201890939,0.0,-8632.68074919446,-8551.63691574894,8284.50838026591,1.0]},{"boundingVolume":{"box":[-1338.14353142888,-1152.96318686521,948.842622441705,18646.2820005598,0,0,0,12112.7747368016,0,0,0,7380.74457448302]},"content":{"uri":"0/43/3/0/3.b3dm"},"geometricError":0,"refine":"REPLACE","transform":[0.999993475921383,0.00260167678183226,-0.00250587162354954,0.0,-0.00260491170293846,0.999995777042261,-0.00128853896511133,0.0,0.00250250867945153,0.00129505813289998,0.999996030129491,0.0,16031.5972539261,8246.66360006994,6831.52042794973,1.0]},{"boundingVolume":{"box":[-718.90700876608,147.897039368749,-1373.31178072933,17705.3887586977,0,0,0,14352.9875757163,0,0,0,8513.31188796554]},"content":{"uri":"0/43/3/0/4.b3dm"},"geometricError":0,"refine":"REPLACE","transform":[0.999994574216844,0.00237260304819253,-0.00228523339022374,0.0,-0.00236661217751514,0.999993765510218,0.00262070362619349,0.0,0.0022914370323713,-0.00261528114565407,0.999993954792156,0.0,14677.2401020026,-16717.3617423084,5950.61932693794,1.0]},{"boundingVolume":{"box":[111.764791656868,28.7647350756451,-207.411081765778,1189.31175686035,0,0,0,4906.10993660428,0,0,0,1456.17572325654]},"content":{"uri":"0/43/3/0/5.b3dm"},"geometricError":0,"refine":"REPLACE","transform":[0.999999801614682,-0.000453679545444619,0.000436973073309255,0.0,0.000452340457094319,0.999995216789851,0.00305970350371049,0.0,-0.000438359108070037,-0.00305950523611054,0.999995223623095,0.0,-2808.82872023061,-19568.5655156276,8301.90990480781,1.0]}],"content":{"uri":"0/43/3/0.b3dm"},"geometricError":4756.41629276984,"refine":"REPLACE","transform":[1.0,5.55111512312578e-17,0.0,0.0,-3.85092597110813e-17,1.0,0.0,0.0,1.55295951394289e-17,0.0,1.0,0.0,0.0,0.0,0.0,1.0]}],"content":{"uri":"0/43/3.b3dm"},"geometricError":19025.6651710794,"refine":"REPLACE","transform":[0.99999829969911,0.00133143141135506,-0.00127588764643433,0.0,-0.0013281806938593,0.99999587873974,0.00254527789834547,0.0,0.00127927125111378,-0.00254357896126778,0.999995946827353,0.0,8186.44287681417,-16216.412250597,-2494.79945056513,1.0]},{"boundingVolume":{"box":[177.408608932048,-22.1776358305942,-180.23850411037,4236.11371639883,0,0,0,4188.56464418559,0,0,0,12355.5444521154]},"content":{"uri":"0/43/4.b3dm"},"geometricError":0,"refine":"REPLACE","transform":[0.999999499424611,0.000722421702806064,-0.00069228419749251,0.0,-0.000722880729049785,0.999999518910759,-0.000663039743494687,0.0,0.000691804870141548,0.000663539850498662,0.999999540560339,0.0,4435.86502626398,4206.94909280352,10130.8647680525,1.0]}],"content":{"uri":"0/43.b3dm"},"geometricError":76102.6606843174,"refine":"REPLACE","transform":[0.996869507451313,0.0591060854753784,-0.0525133866128835,0.0,-0.0570850353326383,0.997599919173638,0.0391880084442086,0.0,0.0547036000172599,-0.0360676021455431,0.997851013037829,0.0,350203.370175451,-230058.042452842,-46852.3684265921,1.0]},{"boundingVolume":{"box":[814.227511582198,-2237.60896367324,495.3246045704,52457.5755648378,0,0,0,53892.4302706679,0,0,0,18400.8224249431]},"children":[{"boundingVolume":{"box":[814.227511582198,-2237.60896367324,495.3246045704,52457.5755648378,0,0,0,53892.4302706679,0,0,0,18400.8224249431]},"children":[{"boundingVolume":{"box":[3405.36682146741,-969.080856764456,1255.38002842339,26871.9906366009,0,0,0,41836.4426140904,0,0,0,15882.8402694413]},"content":{"uri":"0/44/0/0.b3dm"},"geometricError":0,"refine":"REPLACE","transform":[0.999980433313693,-0.00446546795532515,0.00438093434080672,0.0,0.00447278878568003,0.999988614739769,-0.00166269399355656,0.0,-0.00437345975598147,0.00168225645413522,0.999989021371227,0.0,-27974.9524762128,10733.822062769,-2583.05935066193,1.0]},{"boundingVolume":{"box":[-2112.22974744195,3234.27190683899,-3134.3072491088,35183.15834761,0,0,0,24207.8461360929,0,0,0,12850.883467685]},"children":[{"boundingVolume":{"box":[143.015482691932,90.3708619477693,-89.8386546866968,2305.2156363806,0,0,0,12627.4648662063,0,0,0,7425.00079202093]},"content":{"uri":"0/44/0/1/0.b3dm"},"geometricError":0,"refine":"REPLACE","transform":[0.999994744382143,-0.00230504694019373,0.0022799049753498,0.0,0.00231030300797151,0.999994673689835,-0.00230544832342011,0.0,-0.00227457866526517,0.00231070347818718,0.99999474345685,0.0,-14538.6045849093,14738.8036895525,-5466.21377296746,1.0]},{"boundingVolume":{"box":[-1311.93733809073,-1280.67878499255,1516.40749733895,18233.7216947833,0,0,0,12123.9993184153,0,0,0,12822.8081132825]},"content":{"uri":"0/44/0/1/1.b3dm"},"geometricError":0,"refine":"REPLACE","transform":[0.999992223067598,-0.00280395973140157,0.00277337594772181,0.0,0.00280141198627779,0.999995650899501,0.000922102470417296,0.0,-0.00277594942422645,-0.000914325930666315,0.999995729047323,0.0,-17745.4623162497,-5810.03688176908,-4598.75253170636,1.0]},{"boundingVolume":{"box":[-2343.22104473703,-1338.19358947757,-44.3955548517406,6134.88544132595,0,0,0,11662.2051560886,0,0,0,7261.41125700157]},"content":{"uri":"0/44/0/1/2.b3dm"},"geometricError":0,"refine":"REPLACE","transform":[0.999998584922975,0.00119607480186174,-0.00118302878961163,0.0,-0.00119881169872834,0.999996600721606,-0.00231546879581407,0.0,0.00118025529428615,0.00231688374800038,0.999996619517855,0.0,7546.80889716838,14775.6054549641,-3024.5011765305,1.0]},{"boundingVolume":{"box":[0.0,-876.954574986361,-1644.5126423426,32334.9841190113,0,0,0,12603.6283732275,0,0,0,8386.5837063631]},"children":[{"boundingVolume":{"box":[0.0,-876.954574986361,-1644.5126423426,32334.9841190113,0,0,0,12603.6283732275,0,0,0,8386.5837063631]},"children":[{"boundingVolume":{"box":[0.0,-876.954574986361,-1644.5126423426,32334.9841190113,0,0,0,12603.6283732275,0,0,0,8386.5837063631]},"content":{"uri":"0/44/0/1/3/0/0.b3dm"},"geometricError":0,"refine":"REPLACE","transform":[1.0,0.0,-5.55111512312578e-17,0.0,0.0,1.0,0.0,0.0,5.55111512312578e-17,0.0,1.0,0.0,0.0,0.0,0.0,1.0]}],"content":{"uri":"0/44/0/1/3/0.b3dm"},"geometricError":343.625590607346,"refine":"REPLACE","transform":[1.0,0.0,-5.55111512312578e-17,0.0,0.0,1.0,0.0,0.0,5.55111512312578e-17,0.0,1.0,0.0,0.0,0.0,0.0,1.0]}],"content":{"uri":"0/44/0/1/3.b3dm"},"geometricError":1374.50236242938,"refine":"REPLACE","transform":[0.999999986647902,0.000116183168308692,-0.000114915917268366,0.0,-0.000116047566185071,0.999999297873963,0.00117931528616633,0.0,0.000115052853169187,-0.00117930193470733,0.999999298004647,0.0,735.324323560577,-7492.1124919178,-5952.52042548172,1.0]}],"content":{"uri":"0/44/0/1.b3dm"},"geometricError":5498.00944971754,"refine":"REPLACE","transform":[0.999995485523966,-0.00214493258118659,0.00210432789970638,0.0,0.00213634623882669,0.999989418717263,0.00407412300468274,0.0,-0.00211304435239029,-0.00406960903915815,0.999989486607651,0.0,-13517.5266899918,-25942.1945385514,-1805.21452912875,1.0]},{"boundingVolume":{"box":[6817.94706317212,806.466588430805,221.925295013469,30254.2630352346,0,0,0,44604.1165179263,0,0,0,15916.6925335326]},"children":[{"boundingVolume":{"box":[2571.69705779001,-818.392058445839,1633.5900602024,18021.1652745976,0,0,0,41326.2992685114,0,0,0,15929.3734512487]},"content":{"uri":"0/44/0/2/0.b3dm"},"geometricError":0,"refine":"REPLACE","transform":[0.999998432118401,-0.00126440703918296,0.00123977239020878,0.0,0.00126535702350026,0.999998906231595,-0.000765772300782119,0.0,-0.00123880278629736,0.000767339854843285,0.999998938278038,0.0,-7928.87646283885,4899.87493902398,-1410.68941588141,1.0]},{"boundingVolume":{"box":[-52.251833198825,-304.899134007748,-183.005792966112,1457.10118847736,0,0,0,3435.18305522483,0,0,0,5731.82436129637]},"content":{"uri":"0/44/0/2/1.b3dm"},"geometricError":0,"refine":"REPLACE","transform":[0.999999912624275,0.000298487280907422,-0.000292671804434597,0.0,-0.000298347030151544,0.999999840709382,0.000479134907550582,0.0,0.000292814773490393,-0.00047904754792194,0.999999842386465,0.0,1873.1481433541,-3038.41156278457,-4760.33802753035,1.0]},{"boundingVolume":{"box":[140.837092228816,92.1807786249556,-90.7833410799503,2272.1533623311,0,0,0,16919.2180393524,0,0,0,2543.23225625511]},"content":{"uri":"0/44/0/2/2.b3dm"},"geometricError":0,"refine":"REPLACE","transform":[0.999999807497564,0.000443045711822687,-0.000434413779816512,0.0,-0.000444113724637837,0.999996871864459,-0.00246150854059285,0.0,0.00043332186010784,0.00246170099586829,0.999996876125307,0.0,2775.52788496716,15704.6969379452,3322.57071238291,1.0]},{"boundingVolume":{"box":[140.920218426036,91.8576206013095,-91.0110394479707,931.315182386665,0,0,0,2501.18506119843,0,0,0,997.85750558041]},"content":{"uri":"0/44/0/2/3.b3dm"},"geometricError":0,"refine":"REPLACE","transform":[0.999999975331884,0.000158598265702192,-0.000155508269773286,0.0,-0.000158512501536665,0.999999835434635,0.000551366021032951,0.0,0.000155595689876644,-0.00055134135742696,0.999999835906331,0.0,996.301036580699,-3523.12338955468,1319.57981571089,1.0]},{"boundingVolume":{"box":[-340.975688960055,1032.65058268886,-1122.67546456866,16541.1400367379,0,0,0,18864.5639193803,0,0,0,8401.57671975438]},"content":{"uri":"0/44/0/2/4.b3dm"},"geometricError":0,"refine":"REPLACE","transform":[0.999989081982535,0.00333657699043938,-0.00327156991566996,0.0,-0.00334337311668228,0.999992260025589,-0.00207406487779976,0.0,0.00326462431665468,0.00208498031202864,0.999992497514441,0.0,20901.3705551033,13303.3423934523,460.101959710941,1.0]},{"boundingVolume":{"box":[2679.79589820199,3049.67183731752,1268.03740880359,15342.7130388176,0,0,0,42249.8272709169,0,0,0,8780.23918558937]},"children":[{"boundingVolume":{"box":[2679.79589820199,3049.67183731752,1268.03740880359,15342.7130388176,0,0,0,42249.8272709169,0,0,0,8780.23918558937]},"children":[{"boundingVolume":{"box":[2679.79589820199,3049.67183731752,1268.03740880359,15342.7130388176,0,0,0,42249.8272709169,0,0,0,8780.23918558937]},"content":{"uri":"0/44/0/2/5/0/0.b3dm"},"geometricError":0,"refine":"REPLACE","transform":[1.0,0.0,5.55111512312578e-17,0.0,-9.44041649629139e-17,1.0,5.55111512312578e-17,0.0,7.14139524099221e-17,5.55111512312578e-17,1.0,0.0,0.0,0.0,0.0,1.0]}],"content":{"uri":"0/44/0/2/5/0.b3dm"},"geometricError":343.625590607346,"refine":"REPLACE","transform":[1.0,0.0,5.55111512312578e-17,0.0,-9.44041649629139e-17,1.0,5.55111512312578e-17,0.0,7.14139524099221e-17,5.55111512312578e-17,1.0,0.0,0.0,0.0,0.0,1.0]}],"content":{"uri":"0/44/0/2/5.b3dm"},"geometricError":1374.50236242938,"refine":"REPLACE","transform":[0.99999369388223,0.00253577547670747,-0.00248637054869733,0.0,-0.00253397233540583,0.999996524426774,0.000728092422575266,0.0,0.00248820818604443,-0.000721787436952726,0.999996643915828,0.0,15913.1491137878,-4579.49424847029,-6386.01370921265,1.0]}],"content":{"uri":"0/44/0/2.b3dm"},"geometricError":5498.00944971754,"refine":"REPLACE","transform":[0.999993425987047,0.00258836205405105,-0.00253936302364705,0.0,-0.00258907724359075,0.999996609582034,-0.000278394437892793,0.0,0.00253863382854597,0.000284967214741916,0.999996737060662,0.0,16251.8946685223,1808.97146676714,2778.1810376076,1.0]},{"boundingVolume":{"box":[-8584.34685619874,3596.57736183074,-336.342198428698,25159.5609245608,0,0,0,44091.9478781738,0,0,0,12504.7021854455]},"children":[{"boundingVolume":{"box":[475.188574294909,372.949323953828,-869.454383142758,6219.2719355711,0,0,0,3654.06844534655,0,0,0,6640.30422103638]},"content":{"uri":"0/44/0/3/0.b3dm"},"geometricError":0,"refine":"REPLACE","transform":[0.999996212043811,-0.0019600032507488,0.00193242989160203,0.0,0.0019628027488709,0.999997025545143,-0.00144786264415919,0.0,-0.00192958632818729,0.00145165013842224,0.999997084699989,0.0,-12345.734979335,9260.22415726399,-934.087779661641,1.0]},{"boundingVolume":{"box":[-316.103668377269,1302.51222589728,475.167855484411,14180.0216106619,0,0,0,20500.473758477,0,0,0,12497.5813883319]},"content":{"uri":"0/44/0/3/1.b3dm"},"geometricError":0,"refine":"REPLACE","transform":[0.999990883167221,-0.00304071512189491,0.00299793828972017,0.0,0.00303421443206109,0.99999304109104,0.00217055575226477,0.0,-0.00300451746903929,-0.00216143957604564,0.999993150503411,0.0,-19223.6391151035,-13781.0705660949,-762.365939544514,1.0]},{"boundingVolume":{"box":[-1.16415321826935e-10,-6.98491930961609e-10,3932.84706729837,5026.51250738592,0,0,0,42248.1171185703,0,0,0,8411.34539403021]},"children":[{"boundingVolume":{"box":[-1.16415321826935e-10,-6.98491930961609e-10,3932.84706729837,5026.51250738592,0,0,0,42248.1171185703,0,0,0,8411.34539403021]},"children":[{"boundingVolume":{"box":[-1.16415321826935e-10,-6.98491930961609e-10,3932.84706729837,5026.51250738592,0,0,0,42248.1171185703,0,0,0,8411.34539403021]},"content":{"uri":"0/44/0/3/2/0/0.b3dm"},"geometricError":0,"refine":"REPLACE","transform":[1.0,0.0,0.0,0.0,0.0,1.0,5.55111512312578e-17,0.0,0.0,5.55111512312578e-17,1.0,0.0,0.0,0.0,0.0,1.0]}],"content":{"uri":"0/44/0/3/2/0.b3dm"},"geometricError":343.625590607346,"refine":"REPLACE","transform":[1.0,0.0,0.0,0.0,0.0,1.0,5.55111512312578e-17,0.0,0.0,5.55111512312578e-17,1.0,0.0,0.0,0.0,0.0,1.0]}],"content":{"uri":"0/44/0/3/2.b3dm"},"geometricError":1374.50236242938,"refine":"REPLACE","transform":[0.999996644665293,0.00184468531091975,-0.00181873424651635,0.0,-0.00184622653690969,0.999997937777014,-0.000846102412891847,0.0,0.00181716970318829,0.000849457369364648,0.9999979881562,0.0,11618.3848314206,5431.15076035541,-5354.74523886479,1.0]},{"boundingVolume":{"box":[-454.47953017475,645.919628367992,-1131.73081143107,6825.16940712323,0,0,0,23408.7454070768,0,0,0,7771.13783470728]},"content":{"uri":"0/44/0/3/3.b3dm"},"geometricError":0,"refine":"REPLACE","transform":[0.999998024961283,0.00141527984414158,-0.00139536966316561,0.0,-0.00141139280918323,0.999995132187824,0.00278272725848971,0.0,0.0013993012085689,-0.0027807523477868,0.999995154674515,0.0,8953.32350207493,-17731.6523540621,-557.252059569582,1.0]}],"content":{"uri":"0/44/0/3.b3dm"},"geometricError":5498.00944971754,"refine":"REPLACE","transform":[0.999971085714249,0.00542829642577325,-0.00532553597107088,0.0,-0.00541511674744949,0.999982247717085,0.00248611369350354,0.0,0.00533893679272629,-0.00245720341027567,0.999982728803515,0.0,34163.9241328598,-15671.6826052913,-57.1883259965107,1.0]}],"content":{"uri":"0/44/0.b3dm"},"geometricError":21992.0377988702,"refine":"REPLACE","transform":[1.0,0.0,0.0,0.0,-5.55111512312578e-17,1.0,5.55111512312578e-17,0.0,1.11022302462516e-16,0.0,1.0,0.0,0.0,0.0,0.0,1.0]}],"content":{"uri":"0/44.b3dm"},"geometricError":87968.1511954806,"refine":"REPLACE","transform":[0.997139892925142,0.0564997345242362,-0.0501977483153143,0.0,-0.0539499258462129,0.997251826159394,0.05077598569149,0.0,0.0529286258883124,-0.0479225961363228,0.997447735643893,0.0,338690.92951491,-305574.857581287,-51976.6179695912,1.0]},{"boundingVolume":{"box":[1333.01999138342,-2172.38043692196,-3802.1656734203,32060.0511188451,0,0,0,40354.8384500262,0,0,0,16134.3657560539]},"children":[{"boundingVolume":{"box":[1333.01999138342,-2172.38043692196,-3802.1656734203,32060.0511188451,0,0,0,40354.8384500262,0,0,0,16134.3657560539]},"children":[{"boundingVolume":{"box":[178.775946322595,-22.5048528092448,-161.837897486985,4116.90836020373,0,0,0,4130.47618860868,0,0,0,12357.5585141163]},"content":{"uri":"0/45/0/0.b3dm"},"geometricError":0,"refine":"REPLACE","transform":[0.99998194517229,-0.00433787887372611,0.00415838145431258,0.0,0.00432357263783678,0.999984725513386,0.00344317579638143,0.0,-0.00417325401671631,-0.003425134566162,0.999985426095859,0.0,-26724.3053697706,-21838.148058638,-7406.80234915949,1.0]},{"boundingVolume":{"box":[70.3281630829442,-290.013965803664,-2096.74010457937,7378.0551019907,0,0,0,6818.60565279704,0,0,0,7871.08584919572]},"content":{"uri":"0/45/0/1.b3dm"},"geometricError":0,"refine":"REPLACE","transform":[0.99998864247782,-0.00344051353571972,0.00329814826478986,0.0,0.00345680194855891,0.999981794917608,-0.00494574096042338,0.0,-0.0032810723330105,0.00495708583440913,0.999982330776087,0.0,-21043.4599525125,31682.9242069572,2242.07659630291,1.0]},{"boundingVolume":{"box":[-240.512957468978,-468.887846498052,1452.5651785275,5352.99636020476,0,0,0,8700.90692633879,0,0,0,4264.99842433445]},"content":{"uri":"0/45/0/2.b3dm"},"geometricError":0,"refine":"REPLACE","transform":[0.999984989146684,-0.00395533951379451,0.0037916712196126,0.0,0.00393814016492033,0.999981971903806,0.00453287099061173,0.0,-0.00380953190673922,-0.00451787081562793,0.999982538002512,0.0,-24404.099380573,-28831.6854262124,-5056.82945926674,1.0]},{"boundingVolume":{"box":[177.557342640939,-24.6449971776456,-179.09823846072,4223.26664327027,0,0,0,4131.07413009647,0,0,0,12349.2584366305]},"content":{"uri":"0/45/0/3.b3dm"},"geometricError":0,"refine":"REPLACE","transform":[0.999991975070045,0.0028920277845324,-0.00277235834716283,0.0,-0.00288055539005255,0.999987309303514,0.00413323512087205,0.0,0.00278427659481406,-0.00412521602016958,0.999987615121623,0.0,17841.6720063572,-26339.0072682779,-3092.18453463167,1.0]},{"boundingVolume":{"box":[15.9207792721008,-810.923858180642,-205.399481011555,12156.1959659167,0,0,0,15487.2843489712,0,0,0,8758.3863830911]},"children":[{"boundingVolume":{"box":[27.9779519890435,31.6326658739708,-38.6625673891976,1199.25344276126,0,0,0,5365.45318098785,0,0,0,1701.75967715774]},"content":{"uri":"0/45/0/4/0.b3dm"},"geometricError":0,"refine":"REPLACE","transform":[0.999997226879968,-0.00170508964941113,0.0016244696557744,0.0,0.00170744296634453,0.999997493407926,-0.00144838405875503,0.0,-0.00162199595922467,0.00145115373149995,0.999997631638173,0.0,-10405.0042068989,9280.05487187719,-223.125780572183,1.0]},{"boundingVolume":{"box":[0.0956481887260452,0.100097402464598,-0.0957036269828677,2232.65364953259,0,0,0,965.267667254899,0,0,0,7506.39358180389]},"content":{"uri":"0/45/0/4/1.b3dm"},"geometricError":0,"refine":"REPLACE","transform":[0.999999903749474,-0.000317661608437769,0.000302641942545312,0.0,0.000317124692156298,0.999998378842487,0.00177249663695156,0.0,-0.00030320450604763,-0.00177240049111504,0.999998383330457,0.0,-1944.63978053653,-11326.2815133925,-1458.73052344751,1.0]},{"boundingVolume":{"box":[-107.658888159436,97.9203141015023,262.778006472625,1351.94228920375,0,0,0,6781.89422408259,0,0,0,3943.22511655744]},"content":{"uri":"0/45/0/4/2.b3dm"},"geometricError":0,"refine":"REPLACE","transform":[0.999997087810011,-0.00174732109958126,0.00166470431988403,0.0,0.00174924580802767,0.999997802554674,-0.00115543278753022,0.0,-0.00166268174969845,0.00115834139974358,0.999997946865193,0.0,-10670.2003309722,7402.13044077298,2301.90001103189,1.0]},{"boundingVolume":{"box":[-627.615541741136,1294.84756102879,-406.830752634909,6088.52139758307,0,0,0,5166.66607029224,0,0,0,7501.68149032956]},"content":{"uri":"0/45/0/4/3.b3dm"},"geometricError":0,"refine":"REPLACE","transform":[0.999999317773409,-0.000845721618754125,0.000805734236538846,0.0,0.000844664518162194,0.999998783372123,0.00131140997633805,0.0,-0.000806842344028038,-0.00131072850653857,0.999998815497406,0.0,-5175.12270625168,-8376.68546038959,-1047.10817884188,1.0]},{"boundingVolume":{"box":[0.495043551549315,-31.1423839218915,0.595435349270701,1512.87637603655,0,0,0,7654.28690082626,0,0,0,2070.44872054085]},"content":{"uri":"0/45/0/4/4.b3dm"},"geometricEr