{"asset":{"generatetool":"cesiumlab@www.cesiumlab.com","gltfUpAxis":"Z","version":"1.0"},"root":{"boundingVolume":{"box":[199946.143225352,-237557.802204528,-37754.4541414822,277763.15242516,0,0,0,300474.154705551,0,0,0,291226.037133871]},"children":[{"boundingVolume":{"box":[273915.671948618,-277964.28783814,-41553.4519082457,109171.413721511,0,0,0,116232.854506406,0,0,0,113562.269604609]},"children":[{"boundingVolume":{"box":[332093.332371204,-307003.212813588,-44820.5706686261,45014.4579939609,0,0,0,54862.1861850419,0,0,0,53533.8345478293]},"children":[{"boundingVolume":{"box":[-4128.05141213781,1717.23621580866,-4109.3901118394,32195.0108242239,0,0,0,37845.978197078,0,0,0,12982.815014842]},"children":[{"boundingVolume":{"box":[-4128.05141213781,1717.23621580866,-4109.3901118394,32195.0108242239,0,0,0,37845.978197078,0,0,0,12982.815014842]},"children":[{"boundingVolume":{"box":[-123.86142460187,-210.344404363772,263.003001268022,2142.68381896405,0,0,0,17831.199618804,0,0,0,2949.58652729448]},"content":{"uri":"0/46/0/0.b3dm"},"geometricError":0,"refine":"REPLACE","transform":[0.999991368778786,-0.00296551320768451,0.00290999988726204,0.0,0.00297548359901369,0.999989697861843,-0.00342792466845693,0.0,-0.00289980435216195,0.0034365537382185,0.999989890565462,0.0,-18565.4763566565,21941.8423681697,-3700.02835108805,1.0]},{"boundingVolume":{"box":[-2113.16602351249,3751.18585870881,-3476.21575342212,8360.57267234044,0,0,0,16970.0152387675,0,0,0,7514.52940893266]},"content":{"uri":"0/46/0/1.b3dm"},"geometricError":0,"refine":"REPLACE","transform":[0.99998353562605,-0.00409576942018353,0.00401909811768858,0.0,0.00408638777579642,0.999988913538908,0.00233970814843454,0.0,-0.00402863646520022,-0.00232324603318695,0.999989186249582,0.0,-25782.6846275679,-14799.1610821811,-6039.16497813538,1.0]},{"boundingVolume":{"box":[110.911965074599,-628.049760827795,-68.915365178138,2379.81568087276,0,0,0,17901.3119720435,0,0,0,4544.43144916277]},"content":{"uri":"0/46/0/2.b3dm"},"geometricError":0,"refine":"REPLACE","transform":[0.999990876888992,-0.00304884373118641,0.00299177049390364,0.0,0.00305916220421123,0.999989367875193,-0.0034504584012704,0.0,-0.00298121877655997,0.00345957923357398,0.999989571768692,0.0,-19098.1268787361,22089.1707487493,111.366360901855,1.0]},{"boundingVolume":{"box":[-2514.97245759633,1380.94403912337,-3874.43470525183,8314.2101480579,0,0,0,18715.8281542368,0,0,0,9005.76150550786]},"children":[{"boundingVolume":{"box":[-2514.97245759633,1380.94403912337,-3874.43470525183,8314.2101480579,0,0,0,18715.8281542368,0,0,0,9005.76150550786]},"children":[{"boundingVolume":{"box":[-2514.97245759633,1380.94403912337,-3874.43470525183,8314.2101480579,0,0,0,18715.8281542368,0,0,0,9005.76150550786]},"children":[{"boundingVolume":{"box":[-2514.97245759633,1380.94403912337,-3874.43470525183,8314.2101480579,0,0,0,18715.8281542368,0,0,0,9005.76150550786]},"children":[{"boundingVolume":{"box":[-2514.97245759633,1380.94403912337,-3874.43470525183,8314.2101480579,0,0,0,18715.8281542368,0,0,0,9005.76150550786]},"children":[{"boundingVolume":{"box":[0.0842099674048313,-3.10183734027669,4.95375889260322,2159.40350892791,0,0,0,815.872272568289,0,0,0,7511.65781958494]},"content":{"uri":"0/46/0/3/0/0/0/0/0.b3dm"},"geometricError":0,"refine":"REPLACE","transform":[0.999998150375395,-0.00136974291895303,0.00135020373498063,0.0,0.00136709606627152,0.999997146065791,0.00195931330306082,0.0,-0.00135288363711087,-0.00195746382085205,0.99999716901662,0.0,-8653.50393758458,-12461.1091380599,-5374.18140116893,1.0]},{"boundingVolume":{"box":[78.483230798156,-1589.7508358683,-266.742671479937,2073.91408923676,0,0,0,2580.70569410152,0,0,0,7017.6644576299]},"content":{"uri":"0/46/0/3/0/0/0/0/1.b3dm"},"geometricError":0,"refine":"REPLACE","transform":[0.999998077234151,-0.00139656276523897,0.00137664100005119,0.0,0.00139380701070392,0.999997027192371,0.00200072697738107,0.0,-0.00137943104836234,-0.00199880435857447,0.999997050971211,0.0,-8824.18445793306,-12728.0461253701,-4742.42426518444,1.0]},{"boundingVolume":{"box":[112.61915950221,26.613051188644,-213.613488161005,1752.31406555511,0,0,0,9886.86782289436,0,0,0,3738.27459289134]},"content":{"uri":"0/46/0/3/0/0/0/0/2.b3dm"},"geometricError":0,"refine":"REPLACE","transform":[0.999999614404388,0.000625408050536513,-0.000616486695450003,0.0,-0.000626391524432207,0.999998529588409,-0.00159638801007939,0.0,0.000615487395047481,0.00159677355656007,0.999998535743666,0.0,3941.22912937985,10185.529440566,1622.02643456031,1.0]},{"boundingVolume":{"box":[-878.548373838537,544.438810411608,-437.606228756718,3446.11481900106,0,0,0,9341.21690062364,0,0,0,4147.76299079508]},"children":[{"boundingVolume":{"box":[-878.548373838537,544.438810411608,-437.606228756718,3446.11481900106,0,0,0,9341.21690062364,0,0,0,4147.76299079508]},"content":{"uri":"0/46/0/3/0/0/0/0/3/0.b3dm"},"geometricError":0,"refine":"REPLACE","transform":[1.0,0.0,0.0,0.0,-1.95111051622964e-17,1.0,0.0,0.0,3.57706154457046e-17,0.0,1.0,0.0,0.0,0.0,0.0,1.0]}],"content":{"uri":"0/46/0/3/0/0/0/0/3.b3dm"},"geometricError":3.43544561774495,"refine":"REPLACE","transform":[0.999999937659124,0.000251468685185163,-0.000247881520882232,0.0,-0.00025113667418451,0.999999072651804,0.0013385163067256,0.0,0.00024821788594555,-0.00133845397114057,0.999999073463995,0.0,1588.89299168577,-8537.57558896346,-529.283680418506,1.0]}],"content":{"uri":"0/46/0/3/0/0/0/0.b3dm"},"geometricError":13.7417824709798,"refine":"REPLACE","transform":[1.0,0.0,0.0,0.0,-3.89693305403872e-17,1.0,0.0,0.0,7.14890356071997e-17,-5.55111512312578e-17,1.0,0.0,0.0,0.0,0.0,1.0]}],"content":{"uri":"0/46/0/3/0/0/0.b3dm"},"geometricError":54.9671298839192,"refine":"REPLACE","transform":[1.0,0.0,0.0,0.0,-3.89693305403872e-17,1.0,0.0,0.0,7.14890356071997e-17,-5.55111512312578e-17,1.0,0.0,0.0,0.0,0.0,1.0]}],"content":{"uri":"0/46/0/3/0/0.b3dm"},"geometricError":219.868519535677,"refine":"REPLACE","transform":[1.0,0.0,0.0,0.0,-3.89693305403872e-17,1.0,0.0,0.0,7.14890356071997e-17,-5.55111512312578e-17,1.0,0.0,0.0,0.0,0.0,1.0]}],"content":{"uri":"0/46/0/3/0.b3dm"},"geometricError":879.474078142707,"refine":"REPLACE","transform":[1.0,0.0,0.0,0.0,-3.89693305403872e-17,1.0,0.0,0.0,7.14890356071997e-17,-5.55111512312578e-17,1.0,0.0,0.0,0.0,0.0,1.0]}],"content":{"uri":"0/46/0/3.b3dm"},"geometricError":3517.89631257083,"refine":"REPLACE","transform":[0.999983985296689,-0.00403945138631273,0.00396383433677189,0.0,0.00403046521742314,0.999989295683139,0.00227241485426022,0.0,-0.00397297121596644,-0.00225640236578861,0.999989562019565,0.0,-25433.9946560201,-14383.4310822664,-4141.9652479412,1.0]},{"boundingVolume":{"box":[-692.165046832059,-798.094976980705,-288.471390264109,12910.5566079242,0,0,0,17826.3957431889,0,0,0,4071.31115939468]},"content":{"uri":"0/46/0/4.b3dm"},"geometricError":0,"refine":"REPLACE","transform":[0.999993698904941,0.00253379810851767,-0.00248636633653315,0.0,-0.00254082050062913,0.999992780994427,-0.00282527701550728,0.0,0.00247918970588275,0.00283157662372813,0.999992917871035,0.0,15881.9154780093,18079.2627335619,90.2452083490789,1.0]},{"boundingVolume":{"box":[624.431806287845,1610.80693803285,-412.624900331255,12193.3852423859,0,0,0,17999.3432820516,0,0,0,7518.46501417598]},"content":{"uri":"0/46/0/5.b3dm"},"geometricError":0,"refine":"REPLACE","transform":[0.999996242508327,0.00195665060468075,-0.00192002282245041,0.0,-0.00195179880046906,0.999994905951149,0.00252557977379458,0.0,0.00192495471895184,-0.00252182278570795,0.99999496746692,0.0,12321.7640124948,-16073.0824538884,-4789.09094247594,1.0]},{"boundingVolume":{"box":[-450.629145077779,-1320.23885825812,-275.764007050544,13083.0701374252,0,0,0,18143.2423411815,0,0,0,5664.48834238853]},"content":{"uri":"0/46/0/6.b3dm"},"geometricError":0,"refine":"REPLACE","transform":[0.999994062997575,0.00245950463060429,-0.00241346360529865,0.0,-0.00246650966538579,0.999992742079738,-0.00290381092997305,0.0,0.00240630415214362,0.00290974652135001,0.999992871512347,0.0,15423.3818014299,18576.8286285521,3557.9587238403,1.0]},{"boundingVolume":{"box":[1.80197011737528,-494.348202465801,-1022.49947568728,12415.592872335,0,0,0,19731.5576860385,0,0,0,9043.50748918625]},"children":[{"boundingVolume":{"box":[0.0835006299896577,-3.10885485471226,4.94579732604325,2213.54204283864,0,0,0,815.839618239319,0,0,0,7516.6596517805]},"content":{"uri":"0/46/0/7/0.b3dm"},"geometricError":0,"refine":"REPLACE","transform":[0.999999881147749,-0.000347138012845472,0.000342344399571037,0.0,0.000346314558391974,0.999997054091917,0.002402472417113,0.0,-0.000343177380556709,-0.00240235357272417,0.999997055458963,0.0,-2196.54744251165,-15317.0391244609,-2556.03290062398,1.0]},{"boundingVolume":{"box":[-83.4342278842814,-122.869966429193,-165.051342142746,1769.15031877952,0,0,0,9883.28706699936,0,0,0,3836.51544765849]},"content":{"uri":"0/46/0/7/1.b3dm"},"geometricError":0,"refine":"REPLACE","transform":[0.999997244372794,-0.00167150782096065,0.0016484260443112,0.0,0.00167395363316388,0.99999749860393,-0.00148346389117082,0.0,-0.00164594229944874,0.00148621919206332,0.999997541010207,0.0,-10543.2258242064,9480.80159660382,2315.03745795786,1.0]},{"boundingVolume":{"box":[984.427105050418,2331.36691965698,-1742.40000464022,6050.16939553537,0,0,0,8362.92340463703,0,0,0,7017.33866723441]},"content":{"uri":"0/46/0/7/2.b3dm"},"geometricError":0,"refine":"REPLACE","transform":[0.999998718852838,-0.00113971916356315,0.00112398083267018,0.0,0.00113795577255645,0.999998122785621,0.00156827353911859,0.0,-0.0011257661141235,-0.00156699248945258,0.999998138590865,0.0,-7207.99069546908,-9998.31023406889,-449.94563450478,1.0]},{"boundingVolume":{"box":[111.853837119299,28.3563377114478,-210.529495006427,1831.24364598317,0,0,0,9879.88848021184,0,0,0,3733.17801313102]},"content":{"uri":"0/46/0/7/3.b3dm"},"geometricError":0,"refine":"REPLACE","transform":[0.999997274531448,0.0016623358537044,-0.00163938073233999,0.0,-0.00166419873976568,0.999997970395429,-0.00113562651293958,0.0,0.00163748961237638,0.00113835167317411,0.999998011389642,0.0,10492.6708740571,7255.00143276993,4510.10177709907,1.0]},{"boundingVolume":{"box":[-1470.60076093487,610.136100135511,-735.633834533393,6190.15518965852,0,0,0,9318.68469922175,0,0,0,4432.81912173517]},"children":[{"boundingVolume":{"box":[-1470.60076093487,610.136100135511,-735.633834533393,6190.15518965852,0,0,0,9318.68469922175,0,0,0,4432.81912173517]},"children":[{"boundingVolume":{"box":[-1470.60076093487,610.136100135511,-735.633834533393,6190.15518965852,0,0,0,9318.68469922175,0,0,0,4432.81912173517]},"children":[{"boundingVolume":{"box":[-1470.60076093487,610.136100135511,-735.633834533393,6190.15518965852,0,0,0,9318.68469922175,0,0,0,4432.81912173517]},"children":[{"boundingVolume":{"box":[-1470.60076093487,610.136100135511,-735.633834533393,6190.15518965852,0,0,0,9318.68469922175,0,0,0,4432.81912173517]},"children":[{"boundingVolume":{"box":[-1470.60076093487,610.136100135511,-735.633834533393,6190.15518965852,0,0,0,9318.68469922175,0,0,0,4432.81912173517]},"content":{"uri":"0/46/0/7/4/0/0/0/0/0.b3dm"},"geometricError":0,"refine":"REPLACE","transform":[1.0,-5.55111512312578e-17,5.55111512312578e-17,0.0,0.0,1.0,0.0,0.0,0.0,5.55111512312578e-17,1.0,0.0,0.0,0.0,0.0,1.0]}],"content":{"uri":"0/46/0/7/4/0/0/0/0.b3dm"},"geometricError":3.43544561774495,"refine":"REPLACE","transform":[1.0,-5.55111512312578e-17,5.55111512312578e-17,0.0,0.0,1.0,0.0,0.0,0.0,5.55111512312578e-17,1.0,0.0,0.0,0.0,0.0,1.0]}],"content":{"uri":"0/46/0/7/4/0/0/0.b3dm"},"geometricError":13.7417824709798,"refine":"REPLACE","transform":[1.0,-5.55111512312578e-17,5.55111512312578e-17,0.0,0.0,1.0,0.0,0.0,0.0,5.55111512312578e-17,1.0,0.0,0.0,0.0,0.0,1.0]}],"content":{"uri":"0/46/0/7/4/0/0.b3dm"},"geometricError":54.9671298839192,"refine":"REPLACE","transform":[1.0,-5.55111512312578e-17,5.55111512312578e-17,0.0,0.0,1.0,0.0,0.0,0.0,5.55111512312578e-17,1.0,0.0,0.0,0.0,0.0,1.0]}],"content":{"uri":"0/46/0/7/4/0.b3dm"},"geometricError":219.868519535677,"refine":"REPLACE","transform":[1.0,-5.55111512312578e-17,5.55111512312578e-17,0.0,0.0,1.0,0.0,0.0,0.0,5.55111512312578e-17,1.0,0.0,0.0,0.0,0.0,1.0]}],"content":{"uri":"0/46/0/7/4.b3dm"},"geometricError":879.474078142707,"refine":"REPLACE","transform":[0.999999125926192,0.00094139619503536,-0.000928396497133832,0.0,-0.000939720774228087,0.999997932285156,0.00180342737048156,0.0,0.000930092317139047,-0.00180255336067775,0.999997942862716,0.0,5957.76653790986,-11516.0788354031,2366.37779319286,1.0]}],"content":{"uri":"0/46/0/7.b3dm"},"geometricError":3517.89631257083,"refine":"REPLACE","transform":[0.999996057126007,0.00200433678454465,-0.00196681633450363,0.0,-0.00199942215993713,0.999994882228602,0.00249756433958914,0.0,0.00197181222886485,-0.00249362199584396,0.999994946890171,0.0,12625.9393918498,-15905.6923539969,-2648.20014586113,1.0]}],"content":{"uri":"0/46/0.b3dm"},"geometricError":14071.5852502833,"refine":"REPLACE","transform":[1.0,0.0,-5.55111512312578e-17,0.0,1.94398552217328e-17,1.0,0.0,0.0,1.98107043467153e-17,0.0,1.0,0.0,0.0,0.0,0.0,1.0]}],"content":{"uri":"0/46.b3dm"},"geometricError":56286.3410011332,"refine":"REPLACE","transform":[0.997256902438634,0.0553335597075854,-0.0491616487578415,0.0,-0.0528308101510264,0.997309105457603,0.0508276860592924,0.0,0.0518418367468639,-0.0480910110253763,0.997496706070385,0.0,332093.332371204,-307003.212813589,-44820.5706686275,1.0]}],"geometricError":56286.3410011332,"refine":"REPLACE"},{"boundingVolume":{"box":[-2889.42109083198,-2569.34227856179,-25.2629589377902,57164.9930871183,0,0,0,49091.9162848822,0,0,0,16989.1691081454]},"children":[{"boundingVolume":{"box":[-2889.42109083198,-2569.34227856179,-25.2629589377902,57164.9930871183,0,0,0,49091.9162848822,0,0,0,16989.1691081454]},"children":[{"boundingVolume":{"box":[-6835.92114987958,-5211.52947803098,6613.04877371341,34318.7846310373,0,0,0,40773.2620332225,0,0,0,16201.4937558044]},"content":{"uri":"0/40/0/0.b3dm"},"geometricError":0,"refine":"REPLACE","transform":[0.999992613273754,-0.00274778454653724,0.00268757846676182,0.0,0.00275239219407186,0.999994746289047,-0.00171222998308923,0.0,-0.00268285950791381,0.00171961460530778,0.999994922582345,0.0,-17134.9000367213,10966.468885255,-5865.88655734994,1.0]},{"boundingVolume":{"box":[-950.848459509551,-2090.02637909376,991.585706940386,27593.8048627008,0,0,0,26304.4179287313,0,0,0,8766.24024932878]},"content":{"uri":"0/40/0/1.b3dm"},"geometricError":0,"refine":"REPLACE","transform":[0.999975326200466,-0.00502195496298241,0.00491192005449193,0.0,0.00500639528403018,0.999982427786575,0.00317492115272294,0.0,-0.00492777805222439,-0.00315025180195855,0.999982896312258,0.0,-31456.4729071949,-20012.9254647479,-9131.49718278646,1.0]},{"boundingVolume":{"box":[288.557642009576,-840.893146870192,6328.28880360257,14943.1032235448,0,0,0,40753.2189576137,0,0,0,10439.8862705184]},"content":{"uri":"0/40/0/2.b3dm"},"geometricError":0,"refine":"REPLACE","transform":[0.999989935967718,0.0032073207538667,-0.00313704588118208,0.0,-0.00320927215581563,0.999994659794735,-0.000617214906900421,0.0,0.00313504952253251,0.0006272763292276,0.999994888981388,0.0,20014.2434997582,4020.30927881738,-8610.1917808,1.0]},{"boundingVolume":{"box":[-2561.68297948863,2161.97167230165,-1797.89926987048,42306.374743604,0,0,0,25956.6948805987,0,0,0,13684.9562569652]},"children":[{"boundingVolume":{"box":[109.809904055204,677.814517375315,-13.9426614847034,2028.69497644342,0,0,0,10899.7593544361,0,0,0,7186.97867446765]},"content":{"uri":"0/40/0/3/0.b3dm"},"geometricError":0,"refine":"REPLACE","transform":[0.999998160146321,-0.00136545906168528,0.00134730305552566,0.0,0.00136832866963481,0.999996792672029,-0.0021312724618831,0.0,-0.00134438856898674,0.00213311209405126,0.999996821221033,0.0,-8587.83847028553,13591.7605561228,-3208.79389347788,1.0]},{"boundingVolume":{"box":[472.0360879082,410.163686865708,1070.36290248111,42309.5266226545,0,0,0,13383.3250422704,0,0,0,13673.9854999464]},"children":[{"boundingVolume":{"box":[472.0360879082,410.163686865708,1070.36290248111,42309.5266226545,0,0,0,13383.3250422704,0,0,0,13673.9854999464]},"children":[{"boundingVolume":{"box":[472.0360879082,410.163686865708,1070.36290248111,42309.5266226545,0,0,0,13383.3250422704,0,0,0,13673.9854999464]},"content":{"uri":"0/40/0/3/1/0/0.b3dm"},"geometricError":0,"refine":"REPLACE","transform":[1.0,-5.55111512312578e-17,0.0,0.0,-3.59881192565214e-17,1.0,0.0,0.0,1.97287404633016e-17,0.0,1.0,0.0,0.0,0.0,0.0,1.0]}],"content":{"uri":"0/40/0/3/1/0.b3dm"},"geometricError":339.155525534496,"refine":"REPLACE","transform":[1.0,-5.55111512312578e-17,0.0,0.0,-3.59881192565214e-17,1.0,0.0,0.0,1.97287404633016e-17,0.0,1.0,0.0,0.0,0.0,0.0,1.0]}],"content":{"uri":"0/40/0/3/1.b3dm"},"geometricError":1356.62210213798,"refine":"REPLACE","transform":[0.999999772013145,-0.000480664579778745,0.000474273359920063,0.0,0.000479975420878448,0.99999883047156,0.00145212916356213,0.0,-0.000474970792297985,-0.00145190119294025,0.999998833192155,0.0,-3034.19975355407,-9234.69558558706,-2852.41518719587,1.0]},{"boundingVolume":{"box":[-609.750410772627,217.25844198023,-395.084187254775,6189.22004861454,0,0,0,14570.3682273414,0,0,0,7263.06833446631]},"content":{"uri":"0/40/0/3/2.b3dm"},"geometricError":0,"refine":"REPLACE","transform":[0.99999679147684,0.00180318166116056,-0.00177920541883619,0.0,-0.00180689835978611,0.999996184392128,-0.00208957400031462,0.0,0.00177543074856905,0.00209278213922115,0.999996234047196,0.0,11345.6529801509,13331.9070416819,-767.559007369913,1.0]},{"boundingVolume":{"box":[-2356.89820319205,-901.335378578864,-1621.20244952664,10124.2974918704,0,0,0,12319.524645708,0,0,0,7247.97644578107]},"content":{"uri":"0/40/0/3/3.b3dm"},"geometricError":0,"refine":"REPLACE","transform":[0.999998333194664,0.00129965924675107,-0.00128237815649251,0.0,-0.00129752466941437,0.999997773803952,0.00166397622315206,0.0,0.00128453790375214,-0.00166230953233409,0.999997793342261,0.0,8206.35174419172,-10576.2704728558,-2474.26612872165,1.0]}],"content":{"uri":"0/40/0/3.b3dm"},"geometricError":5426.48840855193,"refine":"REPLACE","transform":[0.999994780223907,0.0023098450473123,-0.00225923455990606,0.0,-0.0022999193714503,0.999987735932649,0.00438615494235672,0.0,0.00226933819077146,-0.00438093599028105,0.999987828677942,0.0,14503.493742039,-27901.7559825662,-1532.46659022011,1.0]}],"content":{"uri":"0/40/0.b3dm"},"geometricError":21705.9536342077,"refine":"REPLACE","transform":[1.0,0.0,5.55111512312578e-17,0.0,-2.711563065665e-18,1.0,5.55111512312578e-17,0.0,-4.01584549873813e-18,-5.55111512312578e-17,1.0,0.0,0.0,0.0,0.0,1.0]}],"content":{"uri":"0/40.b3dm"},"geometricError":86823.8145368309,"refine":"REPLACE","transform":[0.998307423276474,0.043476677779708,-0.0386272846615875,0.0,-0.0415764889906334,0.997947523818276,0.048704571327365,0.0,0.0406655160338537,-0.0470161482281364,0.998066028683218,0.0,259959.253626957,-299483.982320805,-54409.8008887293,1.0]},{"boundingVolume":{"box":[1326.10828966764,-1152.69802760892,-2214.91686047474,46012.4504849096,0,0,0,40570.0324579864,0,0,0,14115.1870815256]},"children":[{"boundingVolume":{"box":[1326.10828966764,-1152.69802760892,-2214.91686047474,46012.4504849096,0,0,0,40570.0324579864,0,0,0,14115.1870815256]},"children":[{"boundingVolume":{"box":[1326.10828966764,-1152.69802760892,-2214.91686047474,46012.4504849096,0,0,0,40570.0324579864,0,0,0,14115.1870815256]},"content":{"uri":"0/41/0/0.b3dm"},"geometricError":0,"refine":"REPLACE","transform":[1.0,-5.55111512312578e-17,0.0,0.0,0.0,1.0,0.0,0.0,0.0,-5.55111512312578e-17,1.0,0.0,0.0,0.0,0.0,1.0]}],"content":{"uri":"0/41/0.b3dm"},"geometricError":18296.6348022931,"refine":"REPLACE","transform":[1.0,-5.55111512312578e-17,0.0,0.0,0.0,1.0,0.0,0.0,0.0,-5.55111512312578e-17,1.0,0.0,0.0,0.0,0.0,1.0]}],"content":{"uri":"0/41.b3dm"},"geometricError":73186.5392091723,"refine":"REPLACE","transform":[0.998418015209526,0.0420334790682841,-0.0373450604831011,0.0,-0.040637166179811,0.998474013887848,0.0373933726155233,0.0,0.0388598459845735,-0.0358166194399341,0.998602564658208,0.0,248842.037527879,-228540.078748364,-40329.655184892,1.0]},{"boundingVolume":{"box":[-2477.17462136305,-2078.16592652374,421.481623399537,45574.4601332244,0,0,0,35697.6494741302,0,0,0,11523.2984154397]},"children":[{"boundingVolume":{"box":[-2477.17462136305,-2078.16592652374,421.481623399537,45574.4601332244,0,0,0,35697.6494741302,0,0,0,11523.2984154397]},"children":[{"boundingVolume":{"box":[6.46395070175629,-121.772368442267,173.708855404519,1926.20795486588,0,0,0,15344.1778182341,0,0,0,2780.40623132419]},"content":{"uri":"0/42/0/0.b3dm"},"geometricError":0,"refine":"REPLACE","transform":[0.999999659319172,-0.000590077478466122,0.000577208896161585,0.0,0.000591466231706694,0.99999692397865,-0.00240877581684229,0.0,-0.000575785756294578,0.00240911639578922,0.999996932309772,0.0,-3682.87517939531,15358.1277706577,176.335116939619,1.0]},{"boundingVolume":{"box":[-273.019790948019,-32.889872669708,32.7300674808212,1486.90526669344,0,0,0,9758.66486053308,0,0,0,2112.0433827606]},"content":{"uri":"0/42/0/1.b3dm"},"geometricError":0,"refine":"REPLACE","transform":[0.999999325425914,-0.000830328572596739,0.000812220524134988,0.0,0.00082930423283839,0.999998861463891,0.00126068450127287,0.0,-0.000813266381755051,-0.00126001007292909,0.999998875485572,0.0,-5199.9631343754,-8023.02612074977,-2060.74505121075,1.0]},{"boundingVolume":{"box":[-2847.99842079007,-2062.49945840961,116.821299143136,22527.4098011481,0,0,0,17032.8391751864,0,0,0,6258.76216508076]},"content":{"uri":"0/42/0/2.b3dm"},"geometricError":0,"refine":"REPLACE","transform":[0.999988589027794,-0.00341503621724881,0.00334056010819828,0.0,0.00342479344105251,0.999989873638297,-0.00291948809690229,0.0,-0.00333055612289146,0.00293089551105274,0.999990158575281,0.0,-21308.6162132199,18684.0789227113,1772.04868340492,1.0]},{"boundingVolume":{"box":[-632.818171183462,-2609.86235142779,1094.95769208763,21931.7224829927,0,0,0,16082.6973174503,0,0,0,6321.4840694461]},"content":{"uri":"0/42/0/3.b3dm"},"geometricError":0,"refine":"REPLACE","transform":[0.999983763667591,-0.00407359110084088,0.00398475303419865,0.0,0.00406610869938906,0.999989958487937,0.00188406033338906,0.0,-0.00399238791266054,-0.00186782730418183,0.999990285982777,0.0,-25526.0537143354,-11895.1928034928,-2344.52652681991,1.0]},{"boundingVolume":{"box":[576.292411710833,526.942648248514,-620.549064361956,13619.6151646771,0,0,0,18836.5743265597,0,0,0,3761.54219839023]},"content":{"uri":"0/42/0/4.b3dm"},"geometricError":0,"refine":"REPLACE","transform":[0.999979209948545,0.00460957360204228,-0.00450904667218766,0.0,-0.00461963559932177,0.999986857089211,-0.00222364920153506,0.0,0.00449873733552997,0.00224443312427958,0.999987361861307,0.0,28791.7601819385,14304.3138480522,3811.19955812301,1.0]},{"boundingVolume":{"box":[-497.880149205448,3939.46640876448,-3603.36990154814,19997.3975567173,0,0,0,16976.2711354126,0,0,0,7510.36534540728]},"content":{"uri":"0/42/0/5.b3dm"},"geometricError":0,"refine":"REPLACE","transform":[0.999988781302562,0.00338614248430086,-0.00331229649823267,0.0,-0.00337520865748075,0.999988855556032,0.00330101957826928,0.0,0.00332343730716544,-0.00328980285331248,0.999989065921049,0.0,21256.6917270084,-20972.4032267928,-14.538015473634,1.0]},{"boundingVolume":{"box":[9.03781933826303,-544.828109342372,-314.884311894886,13954.3875260027,0,0,0,18908.005587748,0,0,0,5359.71440320648]},"content":{"uri":"0/42/0/6.b3dm"},"geometricError":0,"refine":"REPLACE","transform":[0.999978621632079,0.00467433873677608,-0.00457239938991316,0.0,-0.00468511021466256,0.999986268476529,-0.00234789281363973,0.0,0.00456136175757504,0.00236926481461047,0.999986790194328,0.0,29207.1109067581,15097.4864691813,6985.18651858531,1.0]},{"boundingVolume":{"box":[-2194.52542983799,2228.18084769906,-3627.5329376813,19895.1482889532,0,0,0,18734.113923935,0,0,0,10039.4324298957]},"children":[{"boundingVolume":{"box":[0.0849128640256822,-3.09529913030565,4.96148745436221,2104.91113199969,0,0,0,815.15220692195,0,0,0,7506.28063694853]},"content":{"uri":"0/42/0/7/0.b3dm"},"geometricError":0,"refine":"REPLACE","transform":[0.999990139717545,-0.0031641570718115,0.00311585906440076,0.0,0.00315842298830826,0.999993312924691,0.00184349399978295,0.0,-0.00312167133299279,-0.00183363462151398,0.999993446454607,0.0,-19954.896539852,-11661.8170343274,-6164.90581055731,1.0]},{"boundingVolume":{"box":[113.375390591566,24.8588812341914,-216.691065177787,1673.01089886646,0,0,0,9893.21379629476,0,0,0,3743.19473599596]},"content":{"uri":"0/42/0/7/1.b3dm"},"geometricError":0,"refine":"REPLACE","transform":[0.999998621025589,-0.00118329323250516,0.00116523132722812,0.0,0.00118530940039885,0.999997799156354,-0.00173110487047168,0.0,-0.00116318035805807,0.0017324836429683,0.999997822753571,0.0,-7443.64544956875,11047.5649291705,777.502345952205,1.0]},{"boundingVolume":{"box":[-344.919146846514,419.695794696454,-2617.99278499419,7426.11638577399,0,0,0,9366.92176516447,0,0,0,7559.06948990235]},"children":[{"boundingVolume":{"box":[-344.919146846514,419.695794696454,-2617.99278499419,7426.11638577399,0,0,0,9366.92176516447,0,0,0,7559.06948990235]},"children":[{"boundingVolume":{"box":[-344.919146846514,419.695794696454,-2617.99278499419,7426.11638577399,0,0,0,9366.92176516447,0,0,0,7559.06948990235]},"children":[{"boundingVolume":{"box":[-344.919146846514,419.695794696454,-2617.99278499419,7426.11638577399,0,0,0,9366.92176516447,0,0,0,7559.06948990235]},"children":[{"boundingVolume":{"box":[-344.919146846514,419.695794696454,-2617.99278499419,7426.11638577399,0,0,0,9366.92176516447,0,0,0,7559.06948990235]},"children":[{"boundingVolume":{"box":[-344.919146846514,419.695794696454,-2617.99278499419,7426.11638577399,0,0,0,9366.92176516447,0,0,0,7559.06948990235]},"content":{"uri":"0/42/0/7/2/0/0/0/0/0.b3dm"},"geometricError":0,"refine":"REPLACE","transform":[1.0,0.0,0.0,0.0,-3.89962938009336e-17,1.0,5.55111512312578e-17,0.0,1.60044811512467e-17,-5.55111512312578e-17,1.0,0.0,0.0,0.0,0.0,1.0]}],"content":{"uri":"0/42/0/7/2/0/0/0/0.b3dm"},"geometricError":4.11481293463042,"refine":"REPLACE","transform":[1.0,0.0,0.0,0.0,-3.89962938009336e-17,1.0,5.55111512312578e-17,0.0,1.60044811512467e-17,-5.55111512312578e-17,1.0,0.0,0.0,0.0,0.0,1.0]}],"content":{"uri":"0/42/0/7/2/0/0/0.b3dm"},"geometricError":16.4592517385217,"refine":"REPLACE","transform":[1.0,0.0,0.0,0.0,-3.89962938009336e-17,1.0,5.55111512312578e-17,0.0,1.60044811512467e-17,-5.55111512312578e-17,1.0,0.0,0.0,0.0,0.0,1.0]}],"content":{"uri":"0/42/0/7/2/0/0.b3dm"},"geometricError":65.8370069540867,"refine":"REPLACE","transform":[1.0,0.0,0.0,0.0,-3.89962938009336e-17,1.0,5.55111512312578e-17,0.0,1.60044811512467e-17,-5.55111512312578e-17,1.0,0.0,0.0,0.0,0.0,1.0]}],"content":{"uri":"0/42/0/7/2/0.b3dm"},"geometricError":263.348027816347,"refine":"REPLACE","transform":[1.0,0.0,0.0,0.0,-3.89962938009336e-17,1.0,5.55111512312578e-17,0.0,1.60044811512467e-17,-5.55111512312578e-17,1.0,0.0,0.0,0.0,0.0,1.0]}],"content":{"uri":"0/42/0/7/2.b3dm"},"geometricError":1053.39211126539,"refine":"REPLACE","transform":[0.999994935611921,-0.00226765700516068,0.00223304326369506,0.0,0.00226499959331244,0.99999672462843,0.00119185118765019,0.0,-0.0022357386593434,-0.00118678730956895,0.999996796499133,0.0,-14299.6252951748,-7556.71848279284,-2616.55017554481,1.0]},{"boundingVolume":{"box":[-84.5897777930368,-121.152177655138,-164.467450483236,1691.77270900412,0,0,0,9889.96851487132,0,0,0,3834.28955245158]},"content":{"uri":"0/42/0/7/3.b3dm"},"geometricError":0,"refine":"REPLACE","transform":[0.999993539495043,0.00256122043008322,-0.00252212570737975,0.0,-0.00256478554714007,0.999995715018773,-0.0014113182456239,0.0,0.00251850020299438,0.00141777783935781,0.999995823522641,0.0,16121.8864097307,9036.46548847109,2757.90403529536,1.0]},{"boundingVolume":{"box":[204.211758590187,189.445811180165,-309.553987157531,846.101148661342,0,0,0,6791.25793184177,0,0,0,3090.23174777906]},"content":{"uri":"0/42/0/7/4.b3dm"},"geometricError":0,"refine":"REPLACE","transform":[0.999994314483188,0.002402695768628,-0.00236602078208176,0.0,-0.00240018825611843,0.999996555544479,0.00106207133116976,0.0,0.00236856446672179,-0.00105638639745032,0.999996636969418,0.0,15155.876863223,-6737.88762817858,201.758666058071,1.0]}],"content":{"uri":"0/42/0/7.b3dm"},"geometricError":4213.56844506155,"refine":"REPLACE","transform":[0.99998703985779,0.0036394747055542,-0.00356010397628093,0.0,-0.00362758755408316,0.99998784320538,0.00333976795461122,0.0,0.00357221569782135,-0.00332681008186803,0.999988085733869,0.0,22857.0339081036,-21225.3827561312,2534.51546382997,1.0]}],"content":{"uri":"0/42/0.b3dm"},"geometricError":16854.2737802462,"refine":"REPLACE","transform":[1.0,5.55111512312578e-17,0.0,0.0,0.0,1.0,0.0,0.0,0.0,0.0,1.0,0.0,0.0,0.0,0.0,1.0]}],"content":{"uri":"0/42.b3dm"},"geometricError":67417.0951209848,"refine":"REPLACE","transform":[0.998436698076891,0.041784734484364,-0.0371240608956949,0.0,-0.039956446754346,0.998014145344077,0.0486954623748343,0.0,0.0390850648724441,-0.047135991102373,0.998123517429939,0.0,249988.516958532,-300419.606152911,-50669.8411641894,1.0]}],"geometricError":127366.258031106,"refine":"REPLACE"},{"boundingVolume":{"box":[71108.1349819491,-157727.582845036,-52785.7764823958,65629.0868901434,0,0,0,73193.4448712766,0,0,0,71060.4742795015]},"children":[{"boundingVolume":{"box":[-8.33147349581122,-20.9314862354659,2317.07479225285,43697.9654773793,0,0,0,51417.519466674,0,0,0,10586.5919554513]},"children":[{"boundingVolume":{"box":[-8.33147349581122,-20.9314862354659,2317.07479225285,43697.9654773793,0,0,0,51417.519466674,0,0,0,10586.5919554513]},"children":[{"boundingVolume":{"box":[-308.048590813185,1544.6884538685,-1930.03000202449,18999.3451833384,0,0,0,22881.6284648012,0,0,0,5294.42537809489]},"content":{"uri":"0/18/0/0.b3dm"},"geometricError":0,"refine":"REPLACE","transform":[0.999993381262538,-0.00265895211873562,0.00248342600973234,0.0,0.00266692110892079,0.9999912881805,-0.00321108936372899,0.0,-0.00247486624170608,0.0032176912116193,0.999991760716233,0.0,-15816.3339642645,20479.370253121,5917.01528385095,1.0]},{"boundingVolume":{"box":[-8.33147349581122,-0.00102091929875314,-0.000615707132965326,43697.9654773793,0,0,0,51417.5331769197,0,0,0,8246.95389087079]},"content":{"uri":"0/18/0/1.b3dm"},"geometricError":0,"refine":"REPLACE","transform":[1.0,0.0,0.0,0.0,-1.89452849536085e-17,0.999999999994554,3.30031527273622e-06,0.0,-2.0284184868549e-17,-3.30031527273622e-06,0.999999999994554,0.0,8.5109835899339e-16,-20.9304653131403,-22.409810025245,1.0]},{"boundingVolume":{"box":[93.404794945498,1772.94449476013,-735.891218029894,18660.1273592411,0,0,0,23102.1398814758,0,0,0,4630.65208738763]},"content":{"uri":"0/18/0/2.b3dm"},"geometricError":0,"refine":"REPLACE","transform":[0.999993059625374,-0.00272279134342002,0.00254305099880425,0.0,0.00273067577396267,0.999991460239049,-0.0031020733051651,0.0,-0.00253458298341466,0.0031089960233685,0.999991954984052,0.0,-16200.3886810932,19786.6562551628,6871.13027724065,1.0]},{"boundingVolume":{"box":[1087.363078797,1464.92390128202,-1364.68575958302,7688.88731732359,0,0,0,7579.13914828212,0,0,0,3259.00672331033]},"content":{"uri":"0/18/0/3.b3dm"},"geometricError":0,"refine":"REPLACE","transform":[0.999991335194153,-0.00304230068503525,0.00284146848580169,0.0,0.00303911368804247,0.999994748789536,0.00112524723659924,0.0,-0.00284487690509135,-0.00111660194078106,0.999995329926845,0.0,-18177.7540536069,-7128.77322219312,4898.16403480433,1.0]},{"boundingVolume":{"box":[-3765.65010455926,-5766.57656272803,6718.29096372752,34778.0839387716,0,0,0,26731.11504532,0,0,0,5048.42205914343]},"content":{"uri":"0/18/0/4.b3dm"},"geometricError":0,"refine":"REPLACE","transform":[0.999998600138183,0.00122283001430268,-0.00114210701336159,0.0,-0.00122827652468107,0.999987819661785,-0.00478036241807939,0.0,0.00113624753146783,0.00478175854946566,0.999987921790419,0.0,7254.02018073131,30434.4799643341,-710.35242057126,1.0]},{"boundingVolume":{"box":[622.426872223034,-14.4052363650408,-413.856587002985,14782.1120593798,0,0,0,13456.7008672089,0,0,0,4284.21321361791]},"content":{"uri":"0/18/0/5.b3dm"},"geometricError":0,"refine":"REPLACE","transform":[0.999992487489181,0.00283279663357333,-0.00264579448066316,0.0,-0.00282656053466337,0.999993225743182,0.00235775810644645,0.0,0.00265245560659858,-0.0023502618955013,0.999993720354422,0.0,16941.9793709067,-14973.3687052452,2558.51831972878,1.0]},{"boundingVolume":{"box":[-756.844850501397,165.859232294373,-341.68013276346,18961.3737949851,0,0,0,23262.6246865066,0,0,0,5025.0866754083]},"content":{"uri":"0/18/0/6.b3dm"},"geometricError":0,"refine":"REPLACE","transform":[0.999989459676127,0.00335544010863442,-0.00313393655386485,0.0,-0.00336573508348416,0.999988938527684,-0.00328552121037151,0.0,0.00312287751826532,0.00329603458012262,0.999989691842897,0.0,19965.0718996616,20978.4006228326,8275.46307735145,1.0]},{"boundingVolume":{"box":[851.351841704338,1151.7761245193,-68.8082847935148,14515.8097800683,0,0,0,11998.4245590721,0,0,0,4396.72865546634]},"content":{"uri":"0/18/0/7.b3dm"},"geometricError":0,"refine":"REPLACE","transform":[0.999992783247362,0.00277647510869339,-0.00259319092349147,0.0,-0.0027703276413041,0.999993351301878,0.00237120998618778,0.0,0.00259975728765197,-0.00236400888525745,0.999993826342961,0.0,16609.667404037,-15070.2957317191,4202.59544185083,1.0]}],"content":{"uri":"0/18/0.b3dm"},"geometricError":19316.5107988345,"refine":"REPLACE","transform":[1.0,0.0,0.0,0.0,-1.89452180093002e-17,1.0,-5.55111512312578e-17,0.0,-2.02842473938518e-17,1.11022302462516e-16,1.0,0.0,0.0,0.0,0.0,1.0]}],"content":{"uri":"0/18.b3dm"},"geometricError":77266.0431953381,"refine":"REPLACE","transform":[0.999866876551532,0.0121977250850784,-0.0108371895725901,0.0,-0.0119243985616713,0.999617890389454,0.0249375606722004,0.0,0.011137230087675,-0.0248050139303754,0.999630268344195,0.0,71108.1349819489,-157727.582845036,-52785.7764823968,1.0]}],"geometricError":77266.0431953381,"refine":"REPLACE"},{"boundingVolume":{"box":[0.000859869745909236,-0.147326650563627,-0.121923705562949,199588.873662045,0,0,0,176189.655829644,0,0,0,32732.0016774405]},"children":[{"boundingVolume":{"box":[0.000859869745909236,-0.147326650563627,-0.121923705562949,199588.873662045,0,0,0,176189.655829644,0,0,0,32732.0016774405]},"children":[{"boundingVolume":{"box":[525.224890850601,-8622.90374013479,12080.3777340474,95807.9051695323,0,0,0,39015.1951858744,0,0,0,15557.5303327786]},"children":[{"boundingVolume":{"box":[-4195.23009107064,-6935.38868707395,5095.47987675946,49106.1149790181,0,0,0,19135.9041697427,0,0,0,8959.06235449202]},"content":{"uri":"0/23/0/0/0.b3dm"},"geometricError":0,"refine":"REPLACE","transform":[0.999954036689849,-0.00694997976081774,0.00660471717800576,0.0,0.0069686419957095,0.999971779576751,-0.00280679155658003,0.0,-0.00658502364558046,0.00285268845664555,0.999974249484534,0.0,-42028.9634791357,18142.0301035545,2155.46409913059,1.0]},{"boundingVolume":{"box":[-457.073971785372,591.783791929949,-1163.30151023436,14827.6365152218,0,0,0,11505.0388895934,0,0,0,6900.19837667979]},"content":{"uri":"0/23/0/0/1.b3dm"},"geometricError":0,"refine":"REPLACE","transform":[0.999994469377225,-0.00241084505850797,0.00229107858143812,0.0,0.00239946515617699,0.999984835811233,0.00495688556916452,0.0,-0.00230299412216996,-0.00495136079127401,0.99998509001104,0.0,-14704.0247210998,-31527.873617101,4618.07353323512,1.0]},{"boundingVolume":{"box":[1972.19635807874,1014.0999507599,2795.9523781063,35637.2609956927,0,0,0,17040.3134503982,0,0,0,13001.7337732371]},"content":{"uri":"0/23/0/0/2.b3dm"},"geometricError":0,"refine":"REPLACE","transform":[0.999969749645997,0.00563825647930372,-0.00535815796656053,0.0,-0.00564390946044609,0.99998353169892,-0.00104048880665347,0.0,0.0053522031840461,0.00107069828993678,0.999985103652174,0.0,34211.4876269023,6782.67700200668,11759.4929178571,1.0]},{"boundingVolume":{"box":[4659.50787617022,-1287.42697095429,7463.33165765181,48837.3878662117,0,0,0,21996.0559374781,0,0,0,13696.447158494]},"children":[{"boundingVolume":{"box":[650.263553629979,278.507967240643,-1046.88589603594,23140.4711884341,0,0,0,6635.77739198133,0,0,0,7166.68787953025]},"content":{"uri":"0/23/0/0/3/0.b3dm"},"geometricError":0,"refine":"REPLACE","transform":[0.999987895259335,-0.00355343224250199,0.0034033004721864,0.0,0.00356075142710634,0.999991355737459,-0.00214697453033069,0.0,-0.00339564192464374,0.00215906684877387,0.999991903990359,0.0,-21696.6804994079,13736.7614402873,4291.47346964572,1.0]},{"boundingVolume":{"box":[1324.87492004142,-478.527580395108,382.565104871988,13060.0289191477,0,0,0,3208.96028810064,0,0,0,13681.1926634312]},"content":{"uri":"0/23/0/0/3/1.b3dm"},"geometricError":0,"refine":"REPLACE","transform":[0.999996684959032,-0.00185958356047899,0.00178101654331592,0.0,0.00185505203220389,0.999995046893569,0.0025426305838403,0.0,-0.00178573595578561,-0.00253931827655779,0.999995181493284,0.0,-11414.8680041165,-16203.5603054757,7085.21014758479,1.0]},{"boundingVolume":{"box":[-1.16415321826935e-10,-3917.35100647598,1643.18289100332,42386.7009932838,0,0,0,5962.8317294938,0,0,0,8042.38686127448]},"children":[{"boundingVolume":{"box":[-1.16415321826935e-10,-3917.35100647598,1643.18289100332,42386.7009932838,0,0,0,5962.8317294938,0,0,0,8042.38686127448]},"children":[{"boundingVolume":{"box":[-1.16415321826935e-10,-3917.35100647598,1643.18289100332,42386.7009932838,0,0,0,5962.8317294938,0,0,0,8042.38686127448]},"content":{"uri":"0/23/0/0/3/2/0/0.b3dm"},"geometricError":0,"refine":"REPLACE","transform":[1.0,-5.55111512312578e-17,-5.55111512312578e-17,0.0,1.91506239147301e-17,1.0,-5.55111512312578e-17,0.0,2.00904350732248e-17,1.11022302462516e-16,1.0,0.0,0.0,0.0,0.0,1.0]}],"content":{"uri":"0/23/0/0/3/2/0.b3dm"},"geometricError":299.417908910527,"refine":"REPLACE","transform":[1.0,-5.55111512312578e-17,-5.55111512312578e-17,0.0,1.91506239147301e-17,1.0,-5.55111512312578e-17,0.0,2.00904350732248e-17,1.11022302462516e-16,1.0,0.0,0.0,0.0,0.0,1.0]}],"content":{"uri":"0/23/0/0/3/2.b3dm"},"geometricError":1197.67163564211,"refine":"REPLACE","transform":[0.999996828559122,0.00181886126295383,-0.00174201475435865,0.0,-0.00182298068283796,0.999995539185685,-0.00236608329568738,0.0,0.00173770340630282,0.0023692514510405,0.999995683507901,0.0,11100.5368940285,15076.8575207861,2800.05400042515,1.0]},{"boundingVolume":{"box":[2213.06963861373,2810.51658731676,-1549.62823921489,17663.9430741469,0,0,0,10209.8860674768,0,0,0,7419.92070575198]},"content":{"uri":"0/23/0/0/3/3.b3dm"},"geometricError":0,"refine":"REPLACE","transform":[0.999993095106698,0.00268379503117167,-0.00257040525146107,0.0,-0.00267734550586233,0.999993267569492,0.00250931001136395,0.0,0.0025771224201265,-0.00250241082189806,0.999993548169242,0.0,16466.9088893349,-15953.1849731142,4484.03956602421,1.0]}],"content":{"uri":"0/23/0/0/3.b3dm"},"geometricError":4790.68654256843,"refine":"REPLACE","transform":[0.999952846947748,0.00703935174714043,-0.00668964932365396,0.0,-0.00701328348014176,0.999967753330251,0.00391230807533371,0.0,0.00671697371742706,-0.0038652071909771,0.999969970767848,0.0,42888.966311401,-24617.7889116905,4916.74289535172,1.0]},{"boundingVolume":{"box":[2804.55394953606,-240.034022059524,-259.478311714716,25077.6770796627,0,0,0,15064.8419810019,0,0,0,7481.90224426892]},"content":{"uri":"0/23/0/0/4.b3dm"},"geometricError":0,"refine":"REPLACE","transform":[0.999972470450491,0.00537872629096758,-0.00511152077449573,0.0,-0.00538572415530743,0.999984577147627,-0.00135626037483039,0.0,0.00510414698693,0.00138375227849885,0.999986016358813,0.0,32654.0533126646,8766.52486769296,17254.3149083927,1.0]},{"boundingVolume":{"box":[1.16415321826935e-10,2.3283064365387e-10,9.31322574615479e-10,2100.83635526907,0,0,0,708.787540796446,0,0,0,1075.87359077577]},"content":{"uri":"0/23/0/0/5.b3dm"},"geometricError":0,"refine":"RE