{"asset":{"generatetool":"cesiumlab@www.cesiumlab.com","gltfUpAxis":"Z","version":"1.0"},"root":{"boundingVolume":{"box":[1.16415321826935e-10,-2.3283064365387e-10,9.31322574615479e-10,509606.89225814,0,0,0,538031.956910079,0,0,0,531576.488830986]},"children":[{"boundingVolume":{"box":[236401.66950357,-130436.34999764,-65900.0274128937,257283.683868065,0,0,0,269479.529753284,0,0,0,262980.516336116]},"children":[{"boundingVolume":{"box":[373774.168226205,-42589.9439135678,-16889.0175716053,56664.2356862768,0,0,0,74330.9847241882,0,0,0,73856.2269886578]},"children":[{"boundingVolume":{"box":[1825.90105125657,-2297.54344258364,2348.15365243563,28734.4975564657,0,0,0,62173.7745315311,0,0,0,14781.0861550444]},"children":[{"boundingVolume":{"box":[258.329965952784,108.654988419963,231.317422877997,9216.273781433,0,0,0,6948.68328174134,0,0,0,4993.50772725325]},"content":{"uri":"0/36/0.b3dm"},"geometricError":0,"refine":"REPLACE","transform":[0.999996025568387,-0.00209160439008693,0.0018905127626237,0.0,0.0021061116079909,0.999968101526866,-0.00770455856303992,0.0,-0.00187433756963895,0.00770850957267322,0.999968532374316,0.0,-12063.7057432295,49443.7398216259,6063.61907916795,1.0]},{"boundingVolume":{"box":[-677.322655351949,-196.002350948984,520.526828024536,13780.8940820448,0,0,0,11192.3592828608,0,0,0,4745.56861275621]},"content":{"uri":"0/36/1.b3dm"},"geometricError":0,"refine":"REPLACE","transform":[0.999995759701059,-0.00216043019855383,0.00195272150052905,0.0,0.00217523366958289,0.999968670931006,-0.00761088135234506,0.0,-0.00193621754567125,0.00761509670548816,0.999969130205419,0.0,-12466.4907055921,48854.2356706439,8389.99920872878,1.0]},{"boundingVolume":{"box":[732.1717379397,2578.4568413198,-1965.97356134094,12362.4887212602,0,0,0,26477.4738123161,0,0,0,9068.86185606383]},"content":{"uri":"0/36/2.b3dm"},"geometricError":0,"refine":"REPLACE","transform":[0.999994555638759,0.00244802211927392,-0.00221266367655698,0.0,-0.00245661638411326,0.999989417228943,-0.0038897899762993,0.0,0.00220311796854261,0.00389520446471803,0.999989986776565,0.0,14183.1420347241,24974.6039590966,7785.81330268551,1.0]},{"boundingVolume":{"box":[-946.807505885023,646.204095363384,2118.08573870827,14372.394465865,0,0,0,42050.2738025805,0,0,0,9956.31692103576]},"children":[{"boundingVolume":{"box":[-946.807505885023,646.204095363384,2118.08573870827,14372.394465865,0,0,0,42050.2738025805,0,0,0,9956.31692103576]},"children":[{"boundingVolume":{"box":[-946.807505885023,646.204095363384,2118.08573870827,14372.394465865,0,0,0,42050.2738025805,0,0,0,9956.31692103576]},"children":[{"boundingVolume":{"box":[-946.807505885023,646.204095363384,2118.08573870827,14372.394465865,0,0,0,42050.2738025805,0,0,0,9956.31692103576]},"children":[{"boundingVolume":{"box":[-946.807505885023,646.204095363384,2118.08573870827,14372.394465865,0,0,0,42050.2738025805,0,0,0,9956.31692103576]},"content":{"uri":"0/36/3/0/0/0/0.b3dm"},"geometricError":0,"refine":"REPLACE","transform":[1.0,0.0,-5.55111512312578e-17,0.0,1.81656319497372e-17,1.0,0.0,0.0,-4.10706720253413e-17,0.0,1.0,0.0,0.0,0.0,0.0,1.0]}],"content":{"uri":"0/36/3/0/0/0.b3dm"},"geometricError":298.243048368086,"refine":"REPLACE","transform":[1.0,0.0,-5.55111512312578e-17,0.0,1.81656319497372e-17,1.0,0.0,0.0,-4.10706720253413e-17,0.0,1.0,0.0,0.0,0.0,0.0,1.0]}],"content":{"uri":"0/36/3/0/0.b3dm"},"geometricError":1192.97219347235,"refine":"REPLACE","transform":[1.0,0.0,-5.55111512312578e-17,0.0,1.81656319497372e-17,1.0,0.0,0.0,-4.10706720253413e-17,0.0,1.0,0.0,0.0,0.0,0.0,1.0]}],"content":{"uri":"0/36/3/0.b3dm"},"geometricError":4771.88877388938,"refine":"REPLACE","transform":[1.0,0.0,-5.55111512312578e-17,0.0,1.81656319497372e-17,1.0,0.0,0.0,-4.10706720253413e-17,0.0,1.0,0.0,0.0,0.0,0.0,1.0]}],"content":{"uri":"0/36/3.b3dm"},"geometricError":19087.5550955575,"refine":"REPLACE","transform":[0.999996068710678,0.00208022129780677,-0.00188022406685712,0.0,-0.00207459654059045,0.999993382282217,0.00298855165036566,0.0,0.00188642847285758,-0.00298463919515979,0.999993766638819,0.0,12120.7833472004,-19104.0876982361,-4500.53293123934,1.0]},{"boundingVolume":{"box":[-0.0432853903621435,2556.20151211601,-2022.71616257261,16961.3651099585,0,0,0,30398.9428194975,0,0,0,8525.10621337593]},"content":{"uri":"0/36/4.b3dm"},"geometricError":0,"refine":"REPLACE","transform":[0.999994969288134,0.002353188068209,-0.00212694718795176,0.0,-0.00236138174923706,0.999989769598083,-0.00385805331843581,0.0,0.0021178467033916,0.00386305644395252,0.99999029571304,0.0,13640.4394600885,24769.7982985084,10730.1891808482,1.0]},{"boundingVolume":{"box":[-37.3312846398912,-24.4668094583321,242.655852965079,16568.8587659288,0,0,0,32145.905024763,0,0,0,8674.20870825183]},"content":{"uri":"0/36/5.b3dm"},"geometricError":0,"refine":"REPLACE","transform":[0.999997698985057,0.0015914827351608,-0.00143847394687852,0.0,-0.00158420850503538,0.99998602417932,0.00504397952515445,0.0,0.00144648124935537,-0.00504168907622127,0.999986244437019,0.0,9301.59765226697,-32325.0459996383,721.337499317713,1.0]}],"content":{"uri":"0/36.b3dm"},"geometricError":76350.2203822301,"refine":"REPLACE","transform":[0.996235065300302,0.0648090389987465,-0.0575802321127888,0.0,-0.0643149635906462,0.997875510800309,0.0103947295951311,0.0,0.0581315759672617,-0.00665232358510937,0.998286765647267,0.0,373774.168226205,-42589.9439135678,-16889.0175716048,1.0]}],"geometricError":76350.2203822301,"refine":"REPLACE"},{"boundingVolume":{"box":[304662.716184165,-261480.122621496,-58225.8702764297,133916.258897494,0,0,0,138435.757129428,0,0,0,133751.256249029]},"content":{"uri":"lab_b_0_0_2.json"},"geometricError":151268.768839192,"refine":"REPLACE","transform":null},{"boundingVolume":{"box":[261887.967220788,-116425.839549908,-14715.1134596136,174473.386018296,0,0,0,190089.096032382,0,0,0,184797.940385224]},"content":{"uri":"lab_b_0_0_3.json"},"geometricError":203359.123568899,"refine":"REPLACE","transform":null},{"boundingVolume":{"box":[121308.455242247,-69872.0910469685,-30262.0350831058,125980.748430328,0,0,0,137570.121894479,0,0,0,135254.835608133]},"children":[{"boundingVolume":{"box":[-723.572411619709,2541.84604801168,-3161.883756469,46189.1683751239,0,0,0,62104.815445829,0,0,0,18502.4686989943]},"children":[{"boundingVolume":{"box":[-723.572411619709,2541.84604801168,-3161.883756469,46189.1683751239,0,0,0,62104.815445829,0,0,0,18502.4686989943]},"children":[{"boundingVolume":{"box":[-723.572411619709,2541.84604801168,-3161.883756469,46189.1683751239,0,0,0,62104.815445829,0,0,0,18502.4686989943]},"children":[{"boundingVolume":{"box":[-676.611402149894,427.787581209093,-924.296664587222,22405.1947867618,0,0,0,28182.6046404899,0,0,0,9160.89162810054]},"content":{"uri":"0/17/0/0/0.b3dm"},"geometricError":0,"refine":"REPLACE","transform":[0.999990205422523,-0.00329386295798567,0.00295626890415412,0.0,0.00330900560076591,0.999981356232844,-0.00513202383628147,0.0,-0.00293930960495115,0.00514175588063759,0.999982461248951,0.0,-18845.5939678533,32875.2687513921,-2203.34820174426,1.0]},{"boundingVolume":{"box":[5494.87196390051,-4093.89228092553,4404.60361315217,22947.6644435851,0,0,0,33234.2030940964,0,0,0,15306.6794101493]},"content":{"uri":"0/17/0/0/1.b3dm"},"geometricError":0,"refine":"REPLACE","transform":[0.999976424622503,-0.00511023067826372,0.00458647376648719,0.0,0.00509618115658994,0.999982302695997,0.00306972839686276,0.0,-0.00460207961849424,-0.00304628252567296,0.999984770397009,0.0,-29466.6965249244,-19411.0443463279,-10644.4347431883,1.0]},{"boundingVolume":{"box":[276.661849373952,-551.350074727321,179.752067482099,20163.3491435417,0,0,0,15429.6717801474,0,0,0,4109.23570850864]},"content":{"uri":"0/17/0/0/2.b3dm"},"geometricError":0,"refine":"REPLACE","transform":[0.999990973327663,-0.00316210724867189,0.00283801707906078,0.0,0.00318210980302264,0.999969933917138,-0.00707145239361623,0.0,-0.00281557106013153,0.00708041944390092,0.999970969688672,0.0,-18071.5618510074,45293.8849586686,4520.19396215491,1.0]},{"boundingVolume":{"box":[1076.87853032968,-153.275415846379,-3024.06855631433,13972.070316973,0,0,0,29746.897554171,0,0,0,10098.8508121632]},"content":{"uri":"0/17/0/0/3.b3dm"},"geometricError":0,"refine":"REPLACE","transform":[0.999970490623371,-0.00571729432876167,0.00513131835039998,0.0,0.00569661931517057,0.999975634187398,0.0040347936611857,0.0,-0.00515426142457542,-0.00400544342971271,0.999978694779093,0.0,-33024.0713446166,-25564.9643982816,-6447.98986123316,1.0]},{"boundingVolume":{"box":[-4235.7576399683,2561.62031756062,-3421.21788138244,18936.0925308284,0,0,0,27114.1398223694,0,0,0,11477.8810174158]},"content":{"uri":"0/17/0/0/4.b3dm"},"geometricError":0,"refine":"REPLACE","transform":[0.999980089316203,0.00469628735616145,-0.00421495625442847,0.0,-0.004713898545886,0.999980161130507,-0.00417809835975913,0.0,0.00419525108396174,0.00419788404712251,0.999982388663855,0.0,26928.2262957448,26847.7911292836,4958.01233155746,1.0]},{"boundingVolume":{"box":[2408.3042934871,-2513.59972442314,3092.24533655308,23289.9385486861,0,0,0,33322.4255188084,0,0,0,15397.9278736981]},"content":{"uri":"0/17/0/0/5.b3dm"},"geometricError":0,"refine":"REPLACE","transform":[0.999989347281739,0.00343512702147797,-0.00308305455477265,0.0,-0.00342363281686348,0.999987198667527,0.00372575353538113,0.0,0.00309581352421107,-0.00371515859922839,0.999988306699236,0.0,19834.081274638,-23708.0407942901,-6787.84533968195,1.0]},{"boundingVolume":{"box":[77.7174098169198,-562.379666289315,1621.85845635505,10804.8797272857,0,0,0,13361.5319331121,0,0,0,6375.99047285458]},"content":{"uri":"0/17/0/0/6.b3dm"},"geometricError":0,"refine":"REPLACE","transform":[0.999976025335724,0.00515332343736757,-0.00462514986970031,0.0,-0.00519057540848489,0.999953895338654,-0.00807868330734546,0.0,0.00458330456070116,0.00810249681279962,0.999956670493628,0.0,29431.2349209276,51848.8210381335,7360.66697239783,1.0]},{"boundingVolume":{"box":[1231.09061431407,-130.163352408214,-3016.73376479791,13937.7472821273,0,0,0,29821.1707086244,0,0,0,10095.5841007601]},"content":{"uri":"0/17/0/0/7.b3dm"},"geometricError":0,"refine":"REPLACE","transform":[0.999995555881473,0.00221873825220203,-0.00199133570069754,0.0,-0.00220988324475907,0.999987710182204,0.0044380063763827,0.0,0.00200115800205553,-0.0044335860339566,0.999988169270782,0.0,12826.5229001637,-28318.822823687,-3976.37943502236,1.0]}],"content":{"uri":"0/17/0/0.b3dm"},"geometricError":5638.65720418305,"refine":"REPLACE","transform":[1.0,-5.55111512312578e-17,5.55111512312578e-17,0.0,-5.55111512312578e-17,1.0,-5.55111512312578e-17,0.0,5.55111512312578e-17,-5.55111512312578e-17,1.0,0.0,0.0,0.0,0.0,1.0]}],"content":{"uri":"0/17/0.b3dm"},"geometricError":22554.6288167322,"refine":"REPLACE","transform":[1.0,-5.55111512312578e-17,5.55111512312578e-17,0.0,-5.55111512312578e-17,1.0,-5.55111512312578e-17,0.0,5.55111512312578e-17,-5.55111512312578e-17,1.0,0.0,0.0,0.0,0.0,1.0]}],"content":{"uri":"0/17.b3dm"},"geometricError":90218.5152669288,"refine":"REPLACE","transform":[0.999864556206089,0.0123035620686701,-0.0109312214881296,0.0,-0.0122483781412194,0.999911974777224,0.00510097343868549,0.0,0.0109930194082364,-0.00496639280915828,0.999927241586484,0.0,70504.3959147662,-31682.4727447545,-22590.2489003064,1.0]},{"boundingVolume":{"box":[1866.32491340046,-1286.57806964079,439.563103822526,45215.2080794498,0,0,0,60331.2532267608,0,0,0,11612.4055563868]},"children":[{"boundingVolume":{"box":[1866.32491340046,-1286.57806964079,439.563103822526,45215.2080794498,0,0,0,60331.2532267608,0,0,0,11612.4055563868]},"children":[{"boundingVolume":{"box":[1866.32491340046,-1286.57806964079,439.563103822526,45215.2080794498,0,0,0,60331.2532267608,0,0,0,11612.4055563868]},"children":[{"boundingVolume":{"box":[-672.649086825901,78.0521144985687,-301.242702429183,22192.5652440636,0,0,0,28121.3352362362,0,0,0,5497.98561638873]},"content":{"uri":"0/19/0/0/0.b3dm"},"geometricError":0,"refine":"REPLACE","transform":[0.99999254853156,-0.00287398410373046,0.00257742055701171,0.0,0.00288571962465602,0.999985434376861,-0.00456110253883868,0.0,-0.00256427447908312,0.00456850626500949,0.999986276529285,0.0,-16459.8252832908,29232.6679259618,1284.5876299385,1.0]},{"boundingVolume":{"box":[4505.24092260422,-3609.77132905507,3767.26666520024,22193.1075275142,0,0,0,26542.837847569,0,0,0,5133.98697107332]},"content":{"uri":"0/19/0/0/1.b3dm"},"geometricError":0,"refine":"REPLACE","transform":[0.999982358138336,-0.00442216077698709,0.00396584242697201,0.0,0.0044096408108887,0.999985284129771,0.00316015692962679,0.0,-0.00397975878817289,-0.00314261323795983,0.999987142668357,0.0,-25501.1481022506,-20044.2729957001,-9693.13668624684,1.0]},{"boundingVolume":{"box":[-680.079667922808,-695.20713857282,543.007201179862,22267.8787325465,0,0,0,28273.3179478864,0,0,0,5881.17980545387]},"content":{"uri":"0/19/0/0/2.b3dm"},"geometricError":0,"refine":"REPLACE","transform":[0.999992406879453,-0.00290117255555977,0.00260180345967537,0.0,0.00291315337803773,0.999985117197597,-0.00461290805285075,0.0,-0.00258838189530434,0.00462045247902154,0.999985975750687,0.0,-16623.9081621293,29569.733028125,4876.39569012076,1.0]},{"boundingVolume":{"box":[5870.42807770951,-3412.41029420355,3367.76345153991,22178.9556356872,0,0,0,30595.6282339604,0,0,0,6879.64941277727]},"content":{"uri":"0/19/0/0/3.b3dm"},"geometricError":0,"refine":"REPLACE","transform":[0.99998010213328,-0.00469640277393357,0.00421178566639646,0.0,0.00467992695251203,0.999981392407596,0.00391319847237098,0.0,-0.00423008525136607,-0.00389340975881092,0.99998347373305,0.0,-27115.484519751,-24858.3086380418,-7270.75971054751,1.0]},{"boundingVolume":{"box":[-6541.02239122614,4133.97443617694,-3502.24057423417,18276.0394062193,0,0,0,30309.631826567,0,0,0,7184.97259408515]},"content":{"uri":"0/19/0/0/4.b3dm"},"geometricError":0,"refine":"REPLACE","transform":[0.999973331786853,0.00543698707810408,-0.00487594981653644,0.0,-0.00545563479015669,0.999977824194068,-0.00381931527026685,0.0,0.00485507612064786,0.00384581481740742,0.999980818788167,0.0,31199.3659003763,24611.408329552,8469.77543463744,1.0]},{"boundingVolume":{"box":[4583.42193828709,-3613.40105785732,3841.24886709731,22170.4682846696,0,0,0,26602.5369079171,0,0,0,5233.02280106116]},"content":{"uri":"0/19/0/0/5.b3dm"},"geometricError":0,"refine":"REPLACE","transform":[0.999988782464526,0.00352623900807308,-0.00316236992979452,0.0,-0.003514916703779,0.999987418833024,0.00357876182941241,0.0,0.00317494971305384,-0.0035676062176348,0.999988595875071,0.0,20351.9125879123,-22776.2132132282,-7243.10685703158,1.0]},{"boundingVolume":{"box":[7.92535097443033,-161.280049483525,406.040465553291,18275.4271360171,0,0,0,1981.56472347421,0,0,0,2125.5242366707]},"content":{"uri":"0/19/0/0/6.b3dm"},"geometricError":0,"refine":"REPLACE","transform":[0.999983690628596,0.00425188077463823,-0.00381313344784723,0.0,-0.00425182290795887,0.999990960689101,2.32819457576805e-05,0.0,0.00381319797180598,-7.06879789902359e-06,0.999992729709202,0.0,24485.2392164753,-57.5977034796961,3695.88345849048,1.0]},{"boundingVolume":{"box":[5973.12892149983,-3400.70807538531,3471.56401840085,22154.2781131781,0,0,0,30629.8411485509,0,0,0,6956.85535432724]},"content":{"uri":"0/19/0/0/7.b3dm"},"geometricError":0,"refine":"REPLACE","transform":[0.999990514426524,0.00324261213660093,-0.0029080102316652,0.0,-0.00323001138192501,0.999985420221774,0.00432739764234641,0.0,0.00292199990563593,-0.00431796368835102,0.999986408460704,0.0,18737.5643044452,-27590.2614852153,-4820.71434670873,1.0]}],"content":{"uri":"0/19/0/0.b3dm"},"geometricError":5147.19777469416,"refine":"REPLACE","transform":[1.0,-5.55111512312578e-17,-5.55111512312578e-17,0.0,-3.6980085158997e-17,1.0,-5.55111512312578e-17,0.0,2.06632903473865e-17,-5.55111512312578e-17,1.0,0.0,0.0,0.0,0.0,1.0]}],"content":{"uri":"0/19/0.b3dm"},"geometricError":20588.7910987767,"refine":"REPLACE","transform":[1.0,-5.55111512312578e-17,-5.55111512312578e-17,0.0,-3.6980085158997e-17,1.0,-5.55111512312578e-17,0.0,2.06632903473865e-17,-5.55111512312578e-17,1.0,0.0,0.0,0.0,0.0,1.0]}],"content":{"uri":"0/19.b3dm"},"geometricError":82355.1643951066,"refine":"REPLACE","transform":[0.999875351085051,0.0118031175580484,-0.0104865966097739,0.0,-0.0117542508460868,0.999919826360106,0.0047093990087102,0.0,0.010541341451281,-0.0045855499001608,0.999933924243257,0.0,67648.2796788854,-29277.7903858186,-18704.811736864,1.0]},{"boundingVolume":{"box":[6214.59569574904,-1155.69954374433,2716.98642681167,17845.2663601422,0,0,0,58166.6693599536,0,0,0,14766.1124987192]},"children":[{"boundingVolume":{"box":[6214.59569574904,-1155.69954374433,2716.98642681167,17845.2663601422,0,0,0,58166.6693599536,0,0,0,14766.1124987192]},"children":[{"boundingVolume":{"box":[168.279168521403,120.41379680438,219.508841295261,1820.75195080705,0,0,0,21724.1048119646,0,0,0,7998.40764934244]},"content":{"uri":"0/20/0/0.b3dm"},"geometricError":0,"refine":"REPLACE","transform":[0.999999977253349,-0.000158749899549337,0.000142449190300875,0.0,0.000159345806709029,0.99999119629778,-0.00419308190352119,0.0,-0.000141782284889626,0.00419310450682381,0.999991198847459,0.0,-909.400078065227,26796.3333328739,5354.70526540838,1.0]},{"boundingVolume":{"box":[161.22931888036,1101.20329864742,2900.80660606129,3052.54648281529,0,0,0,35438.7852458213,0,0,0,9028.47046270082]},"children":[{"boundingVolume":{"box":[161.22931888036,1101.20329864742,2900.80660606129,3052.54648281529,0,0,0,35438.7852458213,0,0,0,9028.47046270082]},"children":[{"boundingVolume":{"box":[161.22931888036,1101.20329864742,2900.80660606129,3052.54648281529,0,0,0,35438.7852458213,0,0,0,9028.47046270082]},"children":[{"boundingVolume":{"box":[161.22931888036,1101.20329864742,2900.80660606129,3052.54648281529,0,0,0,35438.7852458213,0,0,0,9028.47046270082]},"content":{"uri":"0/20/0/1/0/0/0.b3dm"},"geometricError":0,"refine":"REPLACE","transform":[1.0,0.0,-5.55111512312578e-17,0.0,0.0,1.0,0.0,0.0,5.55111512312578e-17,0.0,1.0,0.0,0.0,0.0,0.0,1.0]}],"content":{"uri":"0/20/0/1/0/0.b3dm"},"geometricError":258.699913762139,"refine":"REPLACE","transform":[1.0,0.0,-5.55111512312578e-17,0.0,0.0,1.0,0.0,0.0,5.55111512312578e-17,0.0,1.0,0.0,0.0,0.0,0.0,1.0]}],"content":{"uri":"0/20/0/1/0.b3dm"},"geometricError":1034.79965504856,"refine":"REPLACE","transform":[1.0,0.0,-5.55111512312578e-17,0.0,0.0,1.0,0.0,0.0,5.55111512312578e-17,0.0,1.0,0.0,0.0,0.0,0.0,1.0]}],"content":{"uri":"0/20/0/1.b3dm"},"geometricError":4139.19862019422,"refine":"REPLACE","transform":[0.999999523617213,-0.000726495123824,0.000651897370896493,0.0,0.000723933443235255,0.999992049844983,0.0039212456183717,0.0,-0.000654740954032375,-0.00392077182004935,0.999992099400099,0.0,-4192.10906318016,-25008.9598847805,-5785.54488996789,1.0]},{"boundingVolume":{"box":[-197.783482392085,779.254202622687,131.385551750194,6405.05499188462,0,0,0,26249.7140828774,0,0,0,7309.90258679865]},"content":{"uri":"0/20/0/2.b3dm"},"geometricError":0,"refine":"REPLACE","transform":[0.999999944560135,-0.000247836803841106,0.000222388499987347,0.0,0.000248755434751798,0.999991398095228,-0.00414027248932541,0.0,-0.000221360475121814,0.00414032758013733,0.999991404306592,0.0,-1420.45979351946,26461.1409116122,8239.50947751291,1.0]},{"boundingVolume":{"box":[-198.152348116506,775.581126140198,149.662858538795,6702.67405334581,0,0,0,31449.5970382222,0,0,0,7858.30343314679]},"content":{"uri":"0/20/0/3.b3dm"},"geometricError":0,"refine":"REPLACE","transform":[0.999999399628462,-0.000815576507146087,0.000731831726515864,0.0,0.000812316503340812,0.999989796002479,0.00444387587807049,0.0,-0.000735448579673483,-0.00444327873110456,0.999989858143324,0.0,-4713.29554700572,-28391.2095132452,225.890540098771,1.0]},{"boundingVolume":{"box":[170.866938764113,119.276912251022,218.550209959038,1407.23775710945,0,0,0,13938.0987794013,0,0,0,6851.43176775612]},"content":{"uri":"0/20/0/4.b3dm"},"geometricError":0,"refine":"REPLACE","transform":[0.999990221429353,0.00329148099745125,-0.00295350613958739,0.0,-0.00330900934682192,0.999976825910819,-0.00594963011167493,0.0,0.00293385460031838,0.00595934511221841,0.999977939108167,0.0,18827.1721297426,38099.8063058881,8374.24202894792,1.0]},{"boundingVolume":{"box":[-195.540595794796,783.819809680106,127.64951609727,5972.26378688985,0,0,0,18457.8109768627,0,0,0,6169.06403387617]},"content":{"uri":"0/20/0/5.b3dm"},"geometricError":0,"refine":"REPLACE","transform":[0.999990754545482,0.003200500168413,-0.00287186737656336,0.0,-0.00321739200349273,0.999977438906932,-0.00589661477705311,0.0,0.00285293046750919,0.00590580018330183,0.999978490924651,0.0,18316.1124142881,37764.6138846264,11259.0462410524,1.0]}],"content":{"uri":"0/20/0.b3dm"},"geometricError":16556.7944807769,"refine":"REPLACE","transform":[1.0,0.0,-5.55111512312578e-17,0.0,-3.69742775073885e-17,1.0,5.55111512312578e-17,0.0,7.61692317398679e-17,5.55111512312578e-17,1.0,0.0,0.0,0.0,0.0,1.0]}],"content":{"uri":"0/20.b3dm"},"geometricError":66227.1779231076,"refine":"REPLACE","transform":[0.999594241223652,0.0212939346745889,-0.0189188070074778,0.0,-0.0212004279127552,0.999762087040542,0.00512944174895835,0.0,0.0190235319756326,-0.00472627362879363,0.999807865326513,0.0,121913.047600237,-30104.1059475858,-28359.9863976976,1.0]},{"boundingVolume":{"box":[-2880.6882605484,-4477.42944023502,6405.91406550771,85889.9904802575,0,0,0,85358.379622461,0,0,0,10252.1901504775]},"children":[{"boundingVolume":{"box":[-2880.6882605484,-4477.42944023502,6405.91406550771,85889.9904802575,0,0,0,85358.379622461,0,0,0,10252.1901504775]},"children":[{"boundingVolume":{"box":[-2880.6882605484,-4477.42944023502,6405.91406550771,85889.9904802575,0,0,0,85358.379622461,0,0,0,10252.1901504775]},"children":[{"boundingVolume":{"box":[5273.06574678165,-4274.84720183443,5023.98673348129,45345.7418330282,0,0,0,34216.2140472569,0,0,0,6821.48440983612]},"content":{"uri":"0/24/0/0/0.b3dm"},"geometricError":0,"refine":"REPLACE","transform":[0.999935578666642,-0.0083615785696366,0.00767610060067536,0.0,0.0084217957944233,0.999933752654179,-0.00784625124039162,0.0,-0.0076099850331607,0.00791039232618118,0.999939755095796,0.0,-48812.7724837926,50568.2951538675,4622.31079721265,1.0]},{"boundingVolume":{"box":[527.151568189496,-499.911867045797,555.301897182129,26235.2218568597,0,0,0,4914.13389991736,0,0,0,2856.92579368223]},"content":{"uri":"0/24/0/0/1.b3dm"},"geometricError":0,"refine":"REPLACE","transform":[0.99994756091925,-0.0075440100147513,0.00692555590113297,0.0,0.0076147279370785,0.999918553134071,-0.0102422173726958,0.0,-0.00684772444587713,0.0102944165042321,0.999923563908137,0.0,-43978.0989055082,65869.0264200927,12425.8519002264,1.0]},{"boundingVolume":{"box":[-2025.86954886734,107.999203834916,-886.928204613738,26963.5806227134,0,0,0,32878.122278474,0,0,0,6853.04901967477]},"content":{"uri":"0/24/0/0/2.b3dm"},"geometricError":0,"refine":"REPLACE","transform":[0.999911216596297,0.00981604793249891,-0.00901133330308329,0.0,-0.00973488322616791,0.999912048544701,0.00900706521085026,0.0,0.00909895452704593,-0.00891854125552588,0.999918831029993,0.0,58354.9791352751,-57035.2809682637,3917.93059631065,1.0]},{"boundingVolume":{"box":[-1169.9249289016,1784.60535961716,-1274.57241729926,25780.1581885068,0,0,0,28499.560942099,0,0,0,5267.26013833005]},"content":{"uri":"0/24/0/0/3.b3dm"},"geometricError":0,"refine":"REPLACE","transform":[0.999917289169573,0.00947441982587865,-0.00869771169532152,0.0,-0.00938869880621747,0.999907469021782,0.00984407076260585,0.0,0.00879017374675065,-0.0097615963559276,0.999913718318778,0.0,56378.9063653392,-62431.7663470269,4385.36705741193,1.0]}],"content":{"uri":"0/24/0/0.b3dm"},"geometricError":7844.4028963761,"refine":"REPLACE","transform":[1.0,0.0,0.0,0.0,3.67409884767682e-17,1.0,-5.55111512312578e-17,0.0,-7.59574948634299e-17,5.55111512312578e-17,1.0,0.0,0.0,0.0,0.0,1.0]}],"content":{"uri":"0/24/0.b3dm"},"geometricError":31377.6115855044,"refine":"REPLACE","transform":[1.0,0.0,0.0,0.0,3.67409884767682e-17,1.0,-5.55111512312578e-17,0.0,-7.59574948634299e-17,5.55111512312578e-17,1.0,0.0,0.0,0.0,0.0,1.0]}],"content":{"uri":"0/24.b3dm"},"geometricError":125510.446342018,"refine":"REPLACE","transform":[0.999659212274983,0.0195151090949414,-0.0173383918162226,0.0,-0.01923027003888,0.999679814625998,0.016445818421771,0.0,0.0176537822574107,-0.0161067919320591,0.99971441683396,0.0,113145.042130921,-102830.306365889,-28144.9651686018,1.0]}],"geometricError":150745.008648666,"refine":"REPLACE"}],"geometricError":297755.547538583,"refine":"REPLACE"},{"boundingVolume":{"box":[186079.271118883,46053.5673945826,14709.4605413256,207402.057809656,0,0,0,173724.086637039,0,0,0,164643.183244331]},"children":[{"boundingVolume":{"box":[24881.6335177792,32647.0577596384,-29655.2691365308,181805.938324203,0,0,0,82421.3759844596,0,0,0,21036.8813819173]},"children":[{"boundingVolume":{"box":[24881.6335177792,32647.0577596384,-29655.2691365308,181805.938324203,0,0,0,82421.3759844596,0,0,0,21036.8813819173]},"children":[{"boundingVolume":{"box":[9984.12814521453,11248.8339342591,-12718.9455998447,98113.5673243605,0,0,0,48240.9832865456,0,0,0,12335.9757249337]},"children":[{"boundingVolume":{"box":[1571.15351358335,3393.44671285781,381.043817867991,54844.0332863999,0,0,0,17298.9266924167,0,0,0,6480.56534996862]},"children":[{"boundingVolume":{"box":[1571.15351358335,3393.44671285781,381.043817867991,54844.0332863999,0,0,0,17298.9266924167,0,0,0,6480.56534996862]},"children":[{"boundingVolume":{"box":[1571.15351358335,3393.44671285781,381.043817867991,54844.0332863999,0,0,0,17298.9266924167,0,0,0,6480.56534996862]},"content":{"uri":"0/16/0/0/0/0/0.b3dm"},"geometricError":0,"refine":"REPLACE","transform":[1.0,0.0,-5.55111512312578e-17,0.0,-7.35967472391856e-17,1.0,0.0,0.0,-2.10542916003583e-17,0.0,1.0,0.0,0.0,0.0,0.0,1.0]}],"content":{"uri":"0/16/0/0/0/0.b3dm"},"geometricError":850.586700542879,"refine":"REPLACE","transform":[1.0,0.0,-5.55111512312578e-17,0.0,-7.35967472391856e-17,1.0,0.0,0.0,-2.10542916003583e-17,0.0,1.0,0.0,0.0,0.0,0.0,1.0]}],"content":{"uri":"0/16/0/0/0.b3dm"},"geometricError":3402.34680217152,"refine":"REPLACE","transform":[0.999973463134851,-0.00551864040562072,0.00475580005525383,0.0,0.0055262091865089,0.99998348246098,-0.00157981557069342,0.0,-0.00474700306709903,0.00160605519329526,0.999987443195462,0.0,-30519.7687490899,10341.2431746549,-13556.2883190755,1.0]},{"boundingVolume":{"box":[508.596216433798,-455.951441460522,-178.494831342716,41829.7528797436,0,0,0,17394.0744752234,0,0,0,9031.40960891405]},"content":{"uri":"0/16/0/0/1.b3dm"},"geometricError":0,"refine":"REPLACE","transform":[0.999966554941395,-0.00619544517576559,0.00533905026303561,0.0,0.00619179995766881,0.999980586313684,0.00069900574000914,0.0,-0.00534327726412843,-0.00066592403052862,0.999985502861549,0.0,-34342.1320952645,-4215.84862706158,-15616.7629327178,1.0]},{"boundingVolume":{"box":[5012.52278837573,5623.8254163831,-5380.43329235865,37621.0896097132,0,0,0,24789.6989102291,0,0,0,8093.72344037937]},"content":{"uri":"0/16/0/0/2.b3dm"},"geometricError":0,"refine":"REPLACE","transform":[0.999911224787482,-0.0100936069781591,0.00869837008686936,0.0,0.0101320839597755,0.999939028956657,-0.00439081357503907,0.0,-0.00865352059162901,0.00447855639566413,0.999952528430216,0.0,-55732.4756385935,28770.2921588956,-2716.0752817411,1.0]},{"boundingVolume":{"box":[319.845200398704,44.186249370221,412.864884716459,43678.8211949363,0,0,0,20690.0192092154,0,0,0,7078.94965785183]},"content":{"uri":"0/16/0/0/3.b3dm"},"geometricError":0,"refine":"REPLACE","transform":[0.999970053287395,-0.0058624816286949,0.00505211218786339,0.0,0.00585874457855094,0.999982553007712,0.00075418309624381,0.0,-0.00505644542824736,-0.000724561476048435,0.999986953600045,0.0,-32517.3518928646,-4606.62026626244,-11915.1827703565,1.0]},{"boundingVolume":{"box":[2005.15273829538,4685.37365211756,-5252.52371908724,49810.1120121478,0,0,0,19846.3182349831,0,0,0,7467.35308404453]},"children":[{"boundingVolume":{"box":[2005.15273829538,4685.37365211756,-5252.52371908724,49810.1120121478,0,0,0,19846.3182349831,0,0,0,7467.35308404453]},"children":[{"boundingVolume":{"box":[2005.15273829538,4685.37365211756,-5252.52371908724,49810.1120121478,0,0,0,19846.3182349831,0,0,0,7467.35308404453]},"content":{"uri":"0/16/0/0/4/0/0.b3dm"},"geometricError":0,"refine":"REPLACE","transform":[1.0,0.0,0.0,0.0,5.55111512312578e-17,1.0,-1.11022302462516e-16,0.0,0.0,5.55111512312578e-17,1.0,0.0,0.0,0.0,0.0,1.0]}],"content":{"uri":"0/16/0/0/4/0.b3dm"},"geometricError":850.586700542879,"refine":"REPLACE","transform":[1.0,0.0,0.0,0.0,5.55111512312578e-17,1.0,-1.11022302462516e-16,0.0,0.0,5.55111512312578e-17,1.0,0.0,0.0,0.0,0.0,1.0]}],"content":{"uri":"0/16/0/0/4.b3dm"},"geometricError":3402.34680217152,"refine":"REPLACE","transform":[0.999911186087855,0.0100958066851927,-0.00870026572892302,0.0,-0.0100649870755071,0.99994294208855,0.00357891079302847,0.0,0.00873590130144146,-0.00349102487384462,0.999955747407745,0.0,56214.9356826136,-22373.5509811295,-8011.09237265587,1.0]},{"boundingVolume":{"box":[469.859995963168,4754.24698065966,-5560.7891026875,45373.244719626,0,0,0,20115.0785726667,0,0,0,6865.97122265305]},"content":{"uri":"0/16/0/0/5.b3dm"},"geometricError":0,"refine":"REPLACE","transform":[0.999935612592146,0.00859614333870706,-0.00740790049004747,0.0,-0.00857347833322338,0.999958485431751,0.00308591676969711,0.0,0.00743411993714059,-0.00302220660116931,0.999967799545576,0.0,47861.9532534413,-19385.9252540087,-4742.29517769255,1.0]}],"content":{"uri":"0/16/0/0.b3dm"},"geometricError":13609.3872086861,"refine":"REPLACE","transform":[0.999865292729922,-0.0123427575875543,0.0108190909619069,0.0,0.0124334330508248,0.999887801804353,-0.00835425313415178,0.0,-0.0107147625581625,0.00848764619866405,0.999906572498315,0.0,-69032.6911241189,54562.9423776763,-11618.6713399114,1.0]},{"boundingVolume":{"box":[3524.76601444115,1759.32049294491,-2347.55479541235,58074.3853688641,0,0,0,48650.242365089,0,0,0,17542.0177954249]},"children":[{"boundingVolume":{"box":[-359.153192652506,-2042.43017922388,2879.69104325166,27917.6252134898,0,0,0,21618.1207371387,0,0,0,10398.4187591416]},"content":{"uri":"0/16/0/1/0.b3dm"},"geometricError":0,"refine":"REPLACE","transform":[0.999990989682461,-0.00319100094642522,0.00279965477372152,0.0,0.00319991870783844,0.999989802897982,-0.00318663150024884,0.0,-0.00278945768122306,0.00319556145537325,0.999991003615947,0.0,-17909.4831020886,20470.3134310548,-4034.66592340451,1.0]},{"boundingVolume":{"box":[1043.26534608519,-776.052264370956,-69.2985762320459,18476.650669713,0,0,0,10817.1965761282,0,0,0,7643.57840900123]},"content":{"uri":"0/16/0/1/1.b3dm"},"geometricError":0,"refine":"REPLACE","transform":[0.999994272039266,-0.00254423520177566,0.00223220874819896,0.0,0.00254159714877657,0.999996069378307,0.00118385466581122,0.0,-0.00223521197894543,-0.00117817450934821,0.999996807861022,0.0,-14347.1960166008,-7521.62089318363,-5597.19611313567,1.0]},{"boundingVolume":{"box":[2710.26004583668,53.7469117275905,-213.229738409165,24322.5547187813,0,0,0,47111.3744395401,0,0,0,17466.7261316502]},"content":{"uri":"0/16/0/1/2.b3dm"},"geometricError":0,"refine":"REPLACE","transform":[0.999970223974557,-0.00580080135472694,0.00508938777419199,0.0,0.00580324403277345,0.999983052774934,-0.000465318835146444,0.0,-0.00508660230106271,0.000494839939032155,0.99998694071996,0.0,-32667.6987449895,3175.80330266897,-2125.3185373731,1.0]},{"boundingVolume":{"box":[680.60024592944,-809.035328113008,703.83881010348,11812.7074349442,0,0,0,6559.508682488,0,0,0,2118.47788310656]},"content":{"uri":"0/16/0/1/3.b3dm"},"geometricError":0,"refine":"REPLACE","transform":[0.999988110808482,-0.00366549586276999,0.00321595736339619,0.0,0.00366291392718495,0.999992964771582,0.000808374233796982,0.0,-0.00321889783081118,-0.000796584847865323,0.999994502059554,0.0,-20670.4435335463,-5091.20009436505,-2758.79519319907,1.0]},{"boundingVolume":{"box":[-274.911930956063,-2472.67749951757,7303.97806900507,30610.6564521323,0,0,0,42040.0479439648,0,0,0,11865.695123361]},"children":[{"boundingVolume":{"box":[525.833795293467,-2065.11471700296,1575.88507864531,14747.5712245277,0,0,0,8670.37521675089,0,0,0,7820.60088077094]},"content":{"uri":"0/16/0/1/4/0.b3dm"},"geometricError":0,"refine":"REPLACE","transform":[0.999992201320254,-0.00296955620972178,0.00260365792511885,0.0,0.00297858812602397,0.999989536748813,-0.00347194551658631,0.0,-0.00259332054502343,0.00347967366457513,0.999990583235532,0.0,-16657.7248716659,22255.696610528,9029.53511329833,1.0]},{"boundingVolume":{"box":[851.185827153618,1173.58418678935,-2664.84787046816,8386.95239132142,0,0,0,17962.787455586,0,0,0,7111.33956720959]},"content":{"uri":"0/16/0/1/4/1.b3dm"},"geometricError":0,"refine":"REPLACE","transform":[0.999995095249119,-0.00235499396367439,0.00206481988017404,0.0,0.00235864772177241,0.999995653907694,-0.00176888288164856,0.0,-0.00206064519776756,0.00177374438842498,0.999996303779276,0.0,-13241.3828756458,11325.8169120634,11617.19803866,1.0]},{"boundingVolume":{"box":[5562.72588206024,1554.57533032564,2735.74301707884,12412.7107282717,0,0,0,42041.6932250864,0,0,0,10808.6092915353]},"children":[{"boundingVolume":{"box":[5562.72588206024,1554.57533032564,2735.74301707884,12412.7107282717,0,0,0,42041.6932250864,0,0,0,10808.6092915353]},"content":{"uri":"0/16/0/1/4/2/0.b3dm"},"geometricError":0,"refine":"REPLACE","transform":[1.0,5.55111512312578e-17,5.55111512312578e-17,0.0,3.66226936334742e-17,1.0,1.11022302462516e-16,0.0,4.17164981997323e-17,-5.55111512312578e-17,1.0,0.0,0.0,0.0,0.0,1.0]}],"content":{"uri":"0/16/0/1/4/2.b3dm"},"geometricError":850.586700542879,"refine":"REPLACE","transform":[0.999997897802003,0.00154176589544475,-0.00135179491777621,0.0,-0.00154091679908258,0.999998615002854,0.000628941803148819,0.0,0.00135276272656631,-0.000626857477490861,0.999998888540737,0.0,8681.56381850876,-4022.9547200487,3527.26037141867,1.0]},{"boundingVolume":{"box":[-196.299228485092,784.992273193784,118.584145471919,15325.1498504189,0,0,0,20535.4474212793,0,0,0,6550.08247996541]},"content":{"uri":"0/16/0/1/4/3.b3dm"},"geometricError":0,"refine":"REPLACE","transform":[0.999993518304053,0.0027072320162756,-0.00237365639728765,0.0,-0.00271108293797712,0.999995011757619,-0.00162064468137268,0.0,0.00236925709574575,0.00162706935620588,0.999995869624532,0.0,15226.6875202842,10384.473477744,12548.0449727848,1.0]}],"content":{"uri":"0/16/0/1/4.b3dm"},"geometricError":3402.34680217152,"refine":"REPLACE","transform":[0.999972601985427,0.00556434993567312,-0.00488193489178251,0.0,-0.00556593878122867,0.999984461392482,-0.000311927989054217,0.0,0.00488012335682643,0.000339091993588336,0.999988034634736,0.0,31301.6974143183,2202.82048535533,-10266.3353607357,1.0]},{"boundingVolume":{"box":[149.095213169701,423.449085512199,2186.99142788863,33090.3495850011,0,0,0,45381.9151485725,0,0,0,11082.8188041435]},"children":[{"boundingVolume":{"box":[149.095213169701,423.449085512199,2186.99142788863,33090.3495850011,0,0,0,45381.9151485725,0,0,0,11082.8188041435]},"children":[{"boundingVolume":{"box":[149.095213169701,423.449085512199,2186.99142788863,33090.3495850011,0,0,0,45381.9151485725,0,0,0,11082.8188041435]},"content":{"uri":"0/16/0/1/5/0/0.b3dm"},"geometricError":0,"refine":"REPLACE","transform":[1.0,0.0,5.55111512312578e-17,0.0,-3.66241224627893e-17,1.0,0.0,0.0,-4.17152437946872e-17,0.0,1.0,0.0,0.0,0.0,0.0,1.0]}],"content":{"uri":"0/16/0/1/5/0.b3dm"},"geometricError":850.586700542879,"refine":"REPLACE","transform":[1.0,0.0,5.55111512312578e-17,0.0,-3.66241224627893e-17,1.0,0.0,0.0,-4.17152437946872e-17,0.0,1.0,0.0,0.0,0.0,0.0,1.0]}],"content":{"uri":"0/16/0/1/5.b3dm"},"geometricError":3402.34680217152,"refine":"REPLACE","transform":[0.999980495691121,0.00469484251064017,-0.00411906435236548,0.0,-0.00469345561377397,0.999988925712736,0.000346303751915245,0.0,0.00412064457823964,-0.000326964351791748,0.999991456654792,0.0,26438.090214395,-2063.86062166095,-8349.17144366913,1.0]},{"boundingVolume":{"box":[-19.9824317957973,226.324479846749,1251.32045117114,3013.0249964603,0,0,0,3197.25785164628,0,0,0,4238.81354155671]},"content":{"uri":"0/16/0/1/6.b3dm"},"geometricError":0,"refine":"REPLACE","transform":[0.999994540338474,0.00248393444454642,-0.00217930331016547,0.0,-0.00249369608195697,0.999986819480224,-0.0044880224682306,0.0,0.00216812663221823,0.00449343248527306,0.999987554068253,0.0,13937.9984937599,28788.4919918901,4057.51146502979,1.0]}],"content":{"uri":"0/16/0/1.b3dm"},"geometricError":13609.3872086861,"refine":"REPLACE","transform":[0.999723023762383,-0.0176979306744784,0.0155131882358102,0.0,0.0176908640243806,0.999843328776937,0.000592646880261116,0.0,-0.0155212463890368,-0.000318041027493832,0.999879487618601,0.0,-99713.7864478994,-1937.45870839106,-29955.3059801534,1.0]},{"boundingVolume":{"box":[6821.50027414004,7093.49608452502,-5358.83537101047,32543.1173694629,0,0,0,42308.2486703515,0,0,0,9293.28475010628]},"children":[{"boundingVolume":{"box":[6821.50027414004,7093.49608452502,-5358.83537101047,32543.1173694629,0,0,0,42308.2486703515,0,0,0,9293.28475010628]},"content":{"uri":"0/16/0/2/0.b3dm"},"geometricError":0,"refine":"REPLACE","transform":[1.0,0.0,0.0,0.0,-1.93335436035456e-17,1.0,0.0,0.0,-1.34080798782689e-17,-1.11022302462516e-16,1.0,0.0,0.0,0.0,0.0,1.0]}],"content":{"uri":"0/16/0/2.b3dm"},"geometricError":13609.3872086861,"refine":"REPLACE","transform":[0.999502565617291,-0.0237162048763541,0.0207885293062244,0.0,0.0239200689419009,0.999667651658376,-0.00961335163419808,0.0,-0.0205536280560796,0.0101058326767677,0.999737675852842,0.0,-132392.945719329,64952.2077398249,-14154.0317875231,1.0]},{"boundingVolume":{"box":[7254.06965290313,1029.68738560705,-2627.5133424853,40789.9644798455,0,0,0,46766.0094204405,0,0,0,11477.0837242161]},"children":[{"boundingVolume":{"box":[7254.06965290313,1029.68738560705,-2627.5133424853,40789.9644798455,0,0,0,46766.0094204405,0,0,0,11477.0837242161]},"content":{"uri":"0/16/0/3/0.b3dm"},"geometricError":0,"refine":"REPLACE","transform":[1.0,5.55111512312578e-17,0.0,0.0,3.7207999456901e-17,1.0,0.0,0.0,-7.63765918659474e-17,5.55111512312578e-17,1.0,0.0,0.0,0.0,0.0,1.0]}],"content":{"uri":"0/16/0/3.b3dm"},"geometricError":13609.3872086861,"refine":"REPLACE","transform":[0.999587709722737,-0.0215917620929133,0.0189263409294075,0.0,0.0215848531368602,0.999766857844736,0.000569271748163513,0.0,-0.0189342199816444,-0.000160514753577201,0.999820718703458,0.0,-121801.47749061,-956.82620352041,-21834.6809157021,1.0]},{"boundingVolume":{"box":[2875.9447810913,5234.14635188179,-5834.50157982204,93550.6778689632,0,0,0,38066.6093251412,0,0,0,12304.9753596252]},"children":[{"boundingVolume":{"box":[3477.52335354674,5832.60362415924,-2239.29869088903,48743.6915271919,0,0,0,12788.8125586265,0,0,0,9385.47926520836]},"children":[{"boundingVolume":{"box":[3477.52335354674,5832.60362415924,-2239.29869088903,48743.6915271919,0,0,0,12788.8125586265,0,0,0,9385.47926520836]},"children":[{"boundingVolume":{"box":[3477.52335354674,5832.60362415924,-2239.29869088903,48743.6915271919,0,0,0,12788.8125586265,0,0,0,9385.47926520836]},"content":{"uri":"0/16/0/4/0/0/0.b3dm"},"geometricError":0,"refine":"REPLACE","transform":[1.0,0.0,0.0,0.0,3.65697221525774e-17,1.0,-5.55111512312578e-17,0.0,4.1762942098263e-17,-5.55111512312578e-17,1.0,0.0,0.0,0.0,0.0,1.0]}],"content":{"uri":"0/16/0/4/0/0.b3dm"},"geometricError":850.586700542879,"refine":"REPLACE","transform":[1.0,0.0,0.0,0.0,3.65697221525774e-17,1.0,-5.55111512312578e-17,0.0,4.1762942098263e-17,-5.55111512312578e-17,1.0,0.0,0.0,0.0,0.0,1.0]}],"content":{"uri":"0/16/0/4/0.b3dm"},"geometricError":3402.34680217152,"refine":"REPLACE","transform":[0.999956729836755,-0.00697884829643097,0.00615094550770617,0.0,0.00699866842579579,0.999970367491809,-0.00320667718388623,0.0,-0.00612838432616106,0.00324958685855459,0.999975941255988,0.0,-39436.2936256754,20867.4027986564,-5301.15069022588,1.0]},{"boundingVolume